1 None [4 7 8 2 1 5 3 6 0]
2 1 [4 7 8 2 1 0 3 6 5]
3 1 [4 7 8 2 1 5 3 0 6]
4 2 [4 7 0 2 1 8 3 6 5]
5 2 [4 7 8 2 0 1 3 6 5]
6 3 [4 7 8 2 0 5 3 1 6]
7 3 [4 7 8 2 1 5 0 3 6]
8 4 [4 0 7 2 1 8 3 6 5]
9 5 [4 7 8 2 6 1 3 0 5]
10 5 [4 0 8 2 7 1 3 6 5]
11 5 [4 7 8 0 2 1 3 6 5]
12 6 [4 0 8 2 7 5 3 1 6]
13 6 [4 7 8 0 2 5 3 1 6]
14 6 [4 7 8 2 5 0 3 1 6]
15 7 [4 7 8 0 1 5 2 3 6]
16 8 [4 1 7 2 0 8 3 6 5]
17 8 [0 4 7 2 1 8 3 6 5]
18 9 [4 7 8 2 6 1 0 3 5]
19 9 [4 7 8 2 6 1 3 5 0]
20 10 [0 4 8 2 7 1 3 6 5]
21 10 [4 8 0 2 7 1 3 6 5]
22 11 [4 7 8 3 2 1 0 6 5]
23 11 [0 7 8 4 2 1 3 6 5]
24 12 [0 4 8 2 7 5 3 1 6]
25 12 [4 8 0 2 7 5 3 1 6]
26 13 [4 7 8 3 2 5 0 1 6]
27 13 [0 7 8 4 2 5 3 1 6]
28 14 [4 7 8 2 5 6 3 1 0]
29 14 [4 7 0 2 5 8 3 1 6]
30 15 [0 7 8 4 1 5 2 3 6]
31 15 [4 7 8 1 0 5 2 3 6]
32 16 [4 1 7 2 6 8 3 0 5]
33 16 [4 1 7 0 2 8 3 6 5]
34 16 [4 1 7 2 8 0 3 6 5]
35 17 [2 4 7 0 1 8 3 6 5]
36 18 [4 7 8 0 6 1 2 3 5]
37 19 [4 7 8 2 6 0 3 5 1]
38 20 [2 4 8 0 7 1 3 6 5]
39 21 [4 8 1 2 7 0 3 6 5]
40 22 [4 7 8 3 2 1 6 0 5]
41 23 [7 0 8 4 2 1 3 6 5]
42 24 [2 4 8 0 7 5 3 1 6]
43 25 [4 8 5 2 7 0 3 1 6]
44 26 [4 7 8 3 2 5 1 0 6]
45 27 [7 0 8 4 2 5 3 1 6]
46 28 [4 7 8 2 5 6 3 0 1]
47 29 [4 0 7 2 5 8 3 1 6]
48 30 [7 0 8 4 1 5 2 3 6]
49 31 [4 7 8 1 3 5 2 0 6]
50 31 [4 0 8 1 7 5 2 3 6]
51 31 [4 7 8 1 5 0 2 3 6]
52 32 [4 1 7 2 6 8 0 3 5]
53 32 [4 1 7 2 6 8 3 5 0]
54 33 [4 1 7 3 2 8 0 6 5]
55 33 [0 1 7 4 2 8 3 6 5]
56 34 [4 1 7 2 8 5 3 6 0]
57 34 [4 1 0 2 8 7 3 6 5]
58 35 [2 4 7 3 1 8 0 6 5]
59 35 [2 4 7 1 0 8 3 6 5]
60 36 [0 7 8 4 6 1 2 3 5]
61 36 [4 7 8 6 0 1 2 3 5]
62 37 [4 7 0 2 6 8 3 5 1]
63 37 [4 7 8 2 0 6 3 5 1]
64 38 [2 4 8 3 7 1 0 6 5]
65 38 [2 4 8 7 0 1 3 6 5]
66 39 [4 8 1 2 7 5 3 6 0]
67 39 [4 8 1 2 0 7 3 6 5]
68 40 [4 7 8 3 0 1 6 2 5]
69 40 [4 7 8 3 2 1 6 5 0]
70 41 [7 2 8 4 0 1 3 6 5]
71 41 [7 8 0 4 2 1 3 6 5]
72 42 [2 4 8 3 7 5 0 1 6]
73 42 [2 4 8 7 0 5 3 1 6]
74 43 [4 8 5 2 7 6 3 1 0]
75 43 [4 8 5 2 0 7 3 1 6]
76 44 [4 7 8 3 0 5 1 2 6]
77 44 [4 7 8 3 2 5 1 6 0]
78 45 [7 2 8 4 0 5 3 1 6]
79 45 [7 8 0 4 2 5 3 1 6]
80 46 [4 7 8 2 0 6 3 5 1]
81 46 [4 7 8 2 5 6 0 3 1]
82 47 [4 5 7 2 0 8 3 1 6]
83 47 [0 4 7 2 5 8 3 1 6]
84 48 [7 1 8 4 0 5 2 3 6]
85 48 [7 8 0 4 1 5 2 3 6]
86 49 [4 7 8 1 3 5 0 2 6]
87 49 [4 7 8 1 3 5 2 6 0]
88 50 [0 4 8 1 7 5 2 3 6]
89 50 [4 8 0 1 7 5 2 3 6]
90 51 [4 7 8 1 5 6 2 3 0]
91 51 [4 7 0 1 5 8 2 3 6]
92 52 [4 1 7 0 6 8 2 3 5]
93 53 [4 1 7 2 6 0 3 5 8]
94 54 [4 1 7 3 2 8 6 0 5]
95 55 [1 0 7 4 2 8 3 6 5]
96 56 [4 1 7 2 8 5 3 0 6]
97 57 [4 0 1 2 8 7 3 6 5]
98 58 [2 4 7 3 1 8 6 0 5]
99 59 [2 4 7 1 6 8 3 0 5]
100 59 [2 0 7 1 4 8 3 6 5]
101 59 [2 4 7 1 8 0 3 6 5]
102 60 [7 0 8 4 6 1 2 3 5]
103 61 [4 7 8 6 3 1 2 0 5]
104 61 [4 0 8 6 7 1 2 3 5]
105 61 [4 7 8 6 1 0 2 3 5]
106 62 [4 0 7 2 6 8 3 5 1]
107 63 [4 0 8 2 7 6 3 5 1]
108 63 [4 7 8 0 2 6 3 5 1]
109 64 [2 4 8 3 7 1 6 0 5]
110 65 [2 4 8 7 6 1 3 0 5]
111 65 [2 0 8 7 4 1 3 6 5]
112 65 [2 4 8 7 1 0 3 6 5]
113 66 [4 8 1 2 7 5 3 0 6]
114 67 [4 8 1 2 6 7 3 0 5]
115 67 [4 0 1 2 8 7 3 6 5]
116 67 [4 8 1 0 2 7 3 6 5]
117 68 [4 0 8 3 7 1 6 2 5]
118 68 [4 7 8 0 3 1 6 2 5]
119 68 [4 7 8 3 1 0 6 2 5]
120 69 [4 7 8 3 2 0 6 5 1]
121 70 [7 2 8 4 6 1 3 0 5]
122 70 [7 2 8 0 4 1 3 6 5]
123 70 [7 2 8 4 1 0 3 6 5]
124 71 [7 8 1 4 2 0 3 6 5]
125 72 [2 4 8 3 7 5 1 0 6]
126 73 [2 4 8 7 1 5 3 0 6]
127 73 [2 0 8 7 4 5 3 1 6]
128 73 [2 4 8 7 5 0 3 1 6]
129 74 [4 8 5 2 7 6 3 0 1]
130 75 [4 8 5 2 1 7 3 0 6]
131 75 [4 0 5 2 8 7 3 1 6]
132 75 [4 8 5 0 2 7 3 1 6]
133 76 [4 0 8 3 7 5 1 2 6]
134 76 [4 7 8 0 3 5 1 2 6]
135 76 [4 7 8 3 5 0 1 2 6]
136 77 [4 7 8 3 2 0 1 6 5]
137 78 [7 2 8 4 1 5 3 0 6]
138 78 [7 2 8 0 4 5 3 1 6]
139 78 [7 2 8 4 5 0 3 1 6]
140 79 [7 8 5 4 2 0 3 1 6]
141 80 [4 0 8 2 7 6 3 5 1]
142 80 [4 7 8 0 2 6 3 5 1]
143 81 [4 7 8 0 5 6 2 3 1]
144 82 [4 5 7 2 1 8 3 0 6]
145 82 [4 5 7 0 2 8 3 1 6]
146 82 [4 5 7 2 8 0 3 1 6]
147 83 [2 4 7 0 5 8 3 1 6]
148 84 [7 1 8 4 3 5 2 0 6]
149 84 [7 1 8 0 4 5 2 3 6]
150 84 [7 1 8 4 5 0 2 3 6]
151 85 [7 8 5 4 1 0 2 3 6]
152 86 [4 7 8 0 3 5 1 2 6]
153 87 [4 7 8 1 3 0 2 6 5]
154 88 [1 4 8 0 7 5 2 3 6]
155 89 [4 8 5 1 7 0 2 3 6]
156 90 [4 7 8 1 5 6 2 0 3]
157 91 [4 0 7 1 5 8 2 3 6]
158 92 [0 1 7 4 6 8 2 3 5]
159 92 [4 1 7 6 0 8 2 3 5]
160 93 [4 1 0 2 6 7 3 5 8]
161 93 [4 1 7 2 0 6 3 5 8]
162 94 [4 1 7 3 0 8 6 2 5]
163 94 [4 1 7 3 2 8 6 5 0]
164 95 [1 2 7 4 0 8 3 6 5]
165 95 [1 7 0 4 2 8 3 6 5]
166 96 [4 1 7 2 0 5 3 8 6]
167 96 [4 1 7 2 8 5 0 3 6]
168 97 [0 4 1 2 8 7 3 6 5]
169 98 [2 4 7 3 0 8 6 1 5]
170 98 [2 4 7 3 1 8 6 5 0]
171 99 [2 4 7 1 6 8 0 3 5]
172 99 [2 4 7 1 6 8 3 5 0]
173 100 [0 2 7 1 4 8 3 6 5]
174 100 [2 7 0 1 4 8 3 6 5]
175 101 [2 4 7 1 8 5 3 6 0]
176 101 [2 4 0 1 8 7 3 6 5]
177 102 [7 6 8 4 0 1 2 3 5]
178 102 [7 8 0 4 6 1 2 3 5]
179 103 [4 7 8 6 3 1 0 2 5]
180 103 [4 7 8 6 3 1 2 5 0]
181 104 [0 4 8 6 7 1 2 3 5]
182 104 [4 8 0 6 7 1 2 3 5]
183 105 [4 7 8 6 1 5 2 3 0]
184 105 [4 7 0 6 1 8 2 3 5]
185 106 [4 6 7 2 0 8 3 5 1]
186 106 [0 4 7 2 6 8 3 5 1]
187 107 [0 4 8 2 7 6 3 5 1]
188 107 [4 8 0 2 7 6 3 5 1]
189 108 [4 7 8 3 2 6 0 5 1]
190 108 [0 7 8 4 2 6 3 5 1]
191 109 [2 4 8 3 0 1 6 7 5]
192 109 [2 4 8 3 7 1 6 5 0]
193 110 [2 4 8 7 6 1 0 3 5]
194 110 [2 4 8 7 6 1 3 5 0]
195 111 [0 2 8 7 4 1 3 6 5]
196 111 [2 8 0 7 4 1 3 6 5]
197 112 [2 4 8 7 1 5 3 6 0]
198 112 [2 4 0 7 1 8 3 6 5]
199 113 [4 8 1 2 0 5 3 7 6]
200 113 [4 8 1 2 7 5 0 3 6]
201 114 [4 8 1 2 6 7 0 3 5]
202 114 [4 8 1 2 6 7 3 5 0]
203 115 [0 4 1 2 8 7 3 6 5]
204 116 [4 8 1 3 2 7 0 6 5]
205 116 [0 8 1 4 2 7 3 6 5]
206 117 [0 4 8 3 7 1 6 2 5]
207 117 [4 8 0 3 7 1 6 2 5]
208 118 [4 7 8 6 3 1 0 2 5]
209 118 [0 7 8 4 3 1 6 2 5]
210 119 [4 7 8 3 1 5 6 2 0]
211 119 [4 7 0 3 1 8 6 2 5]
212 120 [4 7 0 3 2 8 6 5 1]
213 120 [4 7 8 3 0 2 6 5 1]
214 121 [7 2 8 4 6 1 0 3 5]
215 121 [7 2 8 4 6 1 3 5 0]
216 122 [7 2 8 3 4 1 0 6 5]
217 122 [0 2 8 7 4 1 3 6 5]
218 123 [7 2 8 4 1 5 3 6 0]
219 123 [7 2 0 4 1 8 3 6 5]
220 124 [7 8 1 4 2 5 3 6 0]
221 124 [7 8 1 4 0 2 3 6 5]
222 125 [2 4 8 3 0 5 1 7 6]
223 125 [2 4 8 3 7 5 1 6 0]
224 126 [2 4 8 7 1 5 0 3 6]
225 126 [2 4 8 7 1 5 3 6 0]
226 127 [0 2 8 7 4 5 3 1 6]
227 127 [2 8 0 7 4 5 3 1 6]
228 128 [2 4 8 7 5 6 3 1 0]
229 128 [2 4 0 7 5 8 3 1 6]
230 129 [4 8 5 2 0 6 3 7 1]
231 129 [4 8 5 2 7 6 0 3 1]
232 130 [4 8 5 2 1 7 0 3 6]
233 130 [4 8 5 2 1 7 3 6 0]
234 131 [0 4 5 2 8 7 3 1 6]
235 131 [4 5 0 2 8 7 3 1 6]
236 132 [4 8 5 3 2 7 0 1 6]
237 132 [0 8 5 4 2 7 3 1 6]
238 133 [0 4 8 3 7 5 1 2 6]
239 133 [4 8 0 3 7 5 1 2 6]
240 134 [0 7 8 4 3 5 1 2 6]
241 135 [4 7 8 3 5 6 1 2 0]
242 135 [4 7 0 3 5 8 1 2 6]
243 136 [4 7 0 3 2 8 1 6 5]
244 136 [4 7 8 3 0 2 1 6 5]
245 137 [7 2 8 4 1 5 0 3 6]
246 137 [7 2 8 4 1 5 3 6 0]
247 138 [7 2 8 3 4 5 0 1 6]
248 138 [0 2 8 7 4 5 3 1 6]
249 139 [7 2 8 4 5 6 3 1 0]
250 139 [7 2 0 4 5 8 3 1 6]
251 140 [7 8 5 4 2 6 3 1 0]
252 140 [7 8 5 4 0 2 3 1 6]
253 141 [0 4 8 2 7 6 3 5 1]
254 141 [4 8 0 2 7 6 3 5 1]
255 142 [4 7 8 3 2 6 0 5 1]
256 142 [0 7 8 4 2 6 3 5 1]
257 143 [0 7 8 4 5 6 2 3 1]
258 143 [4 7 8 5 0 6 2 3 1]
259 144 [4 5 7 2 1 8 0 3 6]
260 144 [4 5 7 2 1 8 3 6 0]
261 145 [4 5 7 3 2 8 0 1 6]
262 145 [0 5 7 4 2 8 3 1 6]
263 146 [4 5 7 2 8 6 3 1 0]
264 146 [4 5 0 2 8 7 3 1 6]
265 147 [2 4 7 3 5 8 0 1 6]
266 147 [2 4 7 5 0 8 3 1 6]
267 148 [7 1 8 4 3 5 0 2 6]
268 148 [7 1 8 4 3 5 2 6 0]
269 149 [7 1 8 2 4 5 0 3 6]
270 149 [0 1 8 7 4 5 2 3 6]
271 150 [7 1 8 4 5 6 2 3 0]
272 150 [7 1 0 4 5 8 2 3 6]
273 151 [7 8 5 4 1 6 2 3 0]
274 151 [7 8 5 4 0 1 2 3 6]
275 152 [0 7 8 4 3 5 1 2 6]
276 153 [4 7 0 1 3 8 2 6 5]
277 153 [4 7 8 1 0 3 2 6 5]
278 154 [1 4 8 2 7 5 0 3 6]
279 154 [1 4 8 7 0 5 2 3 6]
280 155 [4 8 5 1 7 6 2 3 0]
281 155 [4 8 5 1 0 7 2 3 6]
282 156 [4 7 8 1 0 6 2 5 3]
283 156 [4 7 8 1 5 6 0 2 3]
284 157 [4 5 7 1 0 8 2 3 6]
285 157 [0 4 7 1 5 8 2 3 6]
286 158 [1 0 7 4 6 8 2 3 5]
287 159 [4 1 7 6 3 8 2 0 5]
288 159 [4 0 7 6 1 8 2 3 5]
289 159 [4 1 7 6 8 0 2 3 5]
290 160 [4 0 1 2 6 7 3 5 8]
291 161 [4 1 7 2 5 6 3 0 8]
292 161 [4 0 7 2 1 6 3 5 8]
293 161 [4 1 7 0 2 6 3 5 8]
294 162 [4 0 7 3 1 8 6 2 5]
295 162 [4 1 7 0 3 8 6 2 5]
296 162 [4 1 7 3 8 0 6 2 5]
297 163 [4 1 7 3 2 0 6 5 8]
298 164 [1 2 7 4 6 8 3 0 5]
299 164 [1 2 7 0 4 8 3 6 5]
300 164 [1 2 7 4 8 0 3 6 5]
301 165 [1 7 8 4 2 0 3 6 5]
302 166 [4 0 7 2 1 5 3 8 6]
303 166 [4 1 7 0 2 5 3 8 6]
304 166 [4 1 7 2 5 0 3 8 6]
305 167 [4 1 7 0 8 5 2 3 6]
306 168 [2 4 1 0 8 7 3 6 5]
307 169 [2 0 7 3 4 8 6 1 5]
308 169 [2 4 7 0 3 8 6 1 5]
309 169 [2 4 7 3 8 0 6 1 5]
310 170 [2 4 7 3 1 0 6 5 8]
311 171 [2 4 7 0 6 8 1 3 5]
312 172 [2 4 7 1 6 0 3 5 8]
313 173 [1 2 7 0 4 8 3 6 5]
314 174 [2 7 8 1 4 0 3 6 5]
315 175 [2 4 7 1 8 5 3 0 6]
316 176 [2 0 4 1 8 7 3 6 5]
317 177 [7 6 8 4 3 1 2 0 5]
318 177 [7 6 8 0 4 1 2 3 5]
319 177 [7 6 8 4 1 0 2 3 5]
320 178 [7 8 1 4 6 0 2 3 5]
321 180 [4 7 8 6 3 0 2 5 1]
322 181 [6 4 8 0 7 1 2 3 5]
323 182 [4 8 1 6 7 0 2 3 5]
324 183 [4 7 8 6 1 5 2 0 3]
325 184 [4 0 7 6 1 8 2 3 5]
326 185 [4 6 7 2 5 8 3 0 1]
327 185 [4 6 7 0 2 8 3 5 1]
328 185 [4 6 7 2 8 0 3 5 1]
329 186 [2 4 7 0 6 8 3 5 1]
330 187 [2 4 8 0 7 6 3 5 1]
331 188 [4 8 6 2 7 0 3 5 1]
332 189 [4 7 8 3 2 6 5 0 1]
333 190 [7 0 8 4 2 6 3 5 1]
334 191 [2 0 8 3 4 1 6 7 5]
335 191 [2 4 8 0 3 1 6 7 5]
336 191 [2 4 8 3 1 0 6 7 5]
337 192 [2 4 8 3 7 0 6 5 1]
338 193 [2 4 8 0 6 1 7 3 5]
339 194 [2 4 8 7 6 0 3 5 1]
340 196 [2 8 1 7 4 0 3 6 5]
341 198 [2 0 4 7 1 8 3 6 5]
342 199 [4 0 1 2 8 5 3 7 6]
343 199 [4 8 1 0 2 5 3 7 6]
344 199 [4 8 1 2 5 0 3 7 6]
345 200 [4 8 1 0 7 5 2 3 6]
346 201 [4 8 1 0 6 7 2 3 5]
347 202 [4 8 1 2 6 0 3 5 7]
348 203 [2 4 1 0 8 7 3 6 5]
349 204 [4 8 1 3 2 7 6 0 5]
350 205 [8 0 1 4 2 7 3 6 5]
351 206 [3 4 8 0 7 1 6 2 5]
352 207 [4 8 1 3 7 0 6 2 5]
353 209 [7 0 8 4 3 1 6 2 5]
354 210 [4 7 8 3 1 5 6 0 2]
355 211 [4 0 7 3 1 8 6 2 5]
356 212 [4 0 7 3 2 8 6 5 1]
357 213 [4 7 8 3 5 2 6 0 1]
358 213 [4 0 8 3 7 2 6 5 1]
359 213 [4 7 8 0 3 2 6 5 1]
360 214 [7 2 8 0 6 1 4 3 5]
361 215 [7 2 8 4 6 0 3 5 1]
362 216 [7 2 8 3 4 1 6 0 5]
363 219 [7 0 2 4 1 8 3 6 5]
364 220 [7 8 1 4 2 5 3 0 6]
365 221 [7 8 1 4 6 2 3 0 5]
366 221 [7 0 1 4 8 2 3 6 5]
367 221 [7 8 1 0 4 2 3 6 5]
368 222 [2 0 8 3 4 5 1 7 6]
369 222 [2 4 8 0 3 5 1 7 6]
370 222 [2 4 8 3 5 0 1 7 6]
371 223 [2 4 8 3 7 0 1 6 5]
372 224 [2 4 8 0 1 5 7 3 6]
373 227 [2 8 5 7 4 0 3 1 6]
374 228 [2 4 8 7 5 6 3 0 1]
375 229 [2 0 4 7 5 8 3 1 6]
376 230 [4 0 5 2 8 6 3 7 1]
377 230 [4 8 5 0 2 6 3 7 1]
378 230 [4 8 5 2 6 0 3 7 1]
379 231 [4 8 5 0 7 6 2 3 1]
380 232 [4 8 5 0 1 7 2 3 6]
381 233 [4 8 5 2 1 0 3 6 7]
382 234 [2 4 5 0 8 7 3 1 6]
383 236 [4 8 5 3 2 7 1 0 6]
384 237 [8 0 5 4 2 7 3 1 6]
385 238 [3 4 8 0 7 5 1 2 6]
386 239 [4 8 5 3 7 0 1 2 6]
387 240 [7 0 8 4 3 5 1 2 6]
388 241 [4 7 8 3 5 6 1 0 2]
389 242 [4 0 7 3 5 8 1 2 6]
390 243 [4 0 7 3 2 8 1 6 5]
391 244 [4 7 8 3 6 2 1 0 5]
392 244 [4 0 8 3 7 2 1 6 5]
393 244 [4 7 8 0 3 2 1 6 5]
394 245 [7 2 8 0 1 5 4 3 6]
395 247 [7 2 8 3 4 5 1 0 6]
396 249 [7 2 8 4 5 6 3 0 1]
397 250 [7 0 2 4 5 8 3 1 6]
398 251 [7 8 5 4 2 6 3 0 1]
399 252 [7 8 5 4 1 2 3 0 6]
400 252 [7 0 5 4 8 2 3 1 6]
401 252 [7 8 5 0 4 2 3 1 6]
402 253 [2 4 8 0 7 6 3 5 1]
403 254 [4 8 6 2 7 0 3 5 1]
404 255 [4 7 8 3 2 6 5 0 1]
405 256 [7 0 8 4 2 6 3 5 1]
406 257 [7 0 8 4 5 6 2 3 1]
407 258 [4 7 8 5 3 6 2 0 1]
408 258 [4 0 8 5 7 6 2 3 1]
409 258 [4 7 8 5 6 0 2 3 1]
410 259 [4 5 7 0 1 8 2 3 6]
411 260 [4 5 7 2 1 0 3 6 8]
412 261 [4 5 7 3 2 8 1 0 6]
413 262 [5 0 7 4 2 8 3 1 6]
414 263 [4 5 7 2 8 6 3 0 1]
415 265 [2 4 7 3 5 8 1 0 6]
416 266 [2 4 7 5 1 8 3 0 6]
417 266 [2 0 7 5 4 8 3 1 6]
418 266 [2 4 7 5 8 0 3 1 6]
419 267 [7 1 8 0 3 5 4 2 6]
420 268 [7 1 8 4 3 0 2 6 5]
421 269 [7 1 8 2 4 5 3 0 6]
422 270 [1 0 8 7 4 5 2 3 6]
423 271 [7 1 8 4 5 6 2 0 3]
424 272 [7 0 1 4 5 8 2 3 6]
425 273 [7 8 5 4 1 6 2 0 3]
426 274 [7 8 5 4 3 1 2 0 6]
427 274 [7 0 5 4 8 1 2 3 6]
428 274 [7 8 5 0 4 1 2 3 6]
429 275 [7 0 8 4 3 5 1 2 6]
430 276 [4 0 7 1 3 8 2 6 5]
431 277 [4 7 8 1 6 3 2 0 5]
432 277 [4 0 8 1 7 3 2 6 5]
433 277 [4 7 8 0 1 3 2 6 5]
434 278 [1 4 8 2 7 5 3 0 6]
435 279 [1 4 8 7 3 5 2 0 6]
436 279 [1 0 8 7 4 5 2 3 6]
437 279 [1 4 8 7 5 0 2 3 6]
438 280 [4 8 5 1 7 6 2 0 3]
439 281 [4 8 5 1 3 7 2 0 6]
440 281 [4 0 5 1 8 7 2 3 6]
441 281 [4 8 5 0 1 7 2 3 6]
442 282 [4 0 8 1 7 6 2 5 3]
443 282 [4 7 8 0 1 6 2 5 3]
444 282 [4 7 8 1 6 0 2 5 3]
445 283 [4 7 8 0 5 6 1 2 3]
446 284 [4 5 7 1 3 8 2 0 6]
447 284 [4 5 7 0 1 8 2 3 6]
448 284 [4 5 7 1 8 0 2 3 6]
449 285 [1 4 7 0 5 8 2 3 6]
450 286 [1 6 7 4 0 8 2 3 5]
451 286 [1 7 0 4 6 8 2 3 5]
452 287 [4 1 7 6 3 8 0 2 5]
453 287 [4 1 7 6 3 8 2 5 0]
454 288 [0 4 7 6 1 8 2 3 5]
455 289 [4 1 7 6 8 5 2 3 0]
456 289 [4 1 0 6 8 7 2 3 5]
457 290 [4 6 1 2 0 7 3 5 8]
458 290 [0 4 1 2 6 7 3 5 8]
459 291 [4 1 7 2 5 6 0 3 8]
460 291 [4 1 7 2 5 6 3 8 0]
461 292 [0 4 7 2 1 6 3 5 8]
462 292 [4 7 0 2 1 6 3 5 8]
463 293 [4 1 7 3 2 6 0 5 8]
464 293 [0 1 7 4 2 6 3 5 8]
465 294 [0 4 7 3 1 8 6 2 5]
466 295 [4 1 7 6 3 8 0 2 5]
467 295 [0 1 7 4 3 8 6 2 5]
468 296 [4 1 7 3 8 5 6 2 0]
469 296 [4 1 0 3 8 7 6 2 5]
470 297 [4 1 0 3 2 7 6 5 8]
471 297 [4 1 7 3 0 2 6 5 8]
472 298 [1 2 7 4 6 8 0 3 5]
473 298 [1 2 7 4 6 8 3 5 0]
474 299 [1 2 7 3 4 8 0 6 5]
475 300 [1 2 7 4 8 5 3 6 0]
476 300 [1 2 0 4 8 7 3 6 5]
477 301 [1 7 8 4 2 5 3 6 0]
478 301 [1 7 8 4 0 2 3 6 5]
479 302 [0 4 7 2 1 5 3 8 6]
480 302 [4 7 0 2 1 5 3 8 6]
481 303 [4 1 7 3 2 5 0 8 6]
482 303 [0 1 7 4 2 5 3 8 6]
483 304 [4 1 7 2 5 6 3 8 0]
484 304 [4 1 0 2 5 7 3 8 6]
485 305 [0 1 7 4 8 5 2 3 6]
486 305 [4 1 7 8 0 5 2 3 6]
487 306 [2 4 1 3 8 7 0 6 5]
488 306 [2 4 1 8 0 7 3 6 5]
489 307 [0 2 7 3 4 8 6 1 5]
490 307 [2 7 0 3 4 8 6 1 5]
491 308 [2 4 7 6 3 8 0 1 5]
492 308 [0 4 7 2 3 8 6 1 5]
493 309 [2 4 7 3 8 5 6 1 0]
494 309 [2 4 0 3 8 7 6 1 5]
495 310 [2 4 0 3 1 7 6 5 8]
496 310 [2 4 7 3 0 1 6 5 8]
497 311 [0 4 7 2 6 8 1 3 5]
498 311 [2 4 7 6 0 8 1 3 5]
499 312 [2 4 0 1 6 7 3 5 8]
500 312 [2 4 7 1 0 6 3 5 8]
501 313 [1 2 7 3 4 8 0 6 5]
502 314 [2 7 8 1 4 5 3 6 0]
503 314 [2 7 8 1 0 4 3 6 5]
504 315 [2 4 7 1 0 5 3 8 6]
505 315 [2 4 7 1 8 5 0 3 6]
506 316 [2 8 4 1 0 7 3 6 5]
507 316 [0 2 4 1 8 7 3 6 5]
508 317 [7 6 8 4 3 1 0 2 5]
509 317 [7 6 8 4 3 1 2 5 0]
510 318 [7 6 8 2 4 1 0 3 5]
511 318 [0 6 8 7 4 1 2 3 5]
512 319 [7 6 8 4 1 5 2 3 0]
513 319 [7 6 0 4 1 8 2 3 5]
514 320 [7 8 1 4 6 5 2 3 0]
515 320 [7 8 1 4 0 6 2 3 5]
516 321 [4 7 0 6 3 8 2 5 1]
517 321 [4 7 8 6 0 3 2 5 1]
518 322 [6 4 8 2 7 1 0 3 5]
519 322 [6 4 8 7 0 1 2 3 5]
520 323 [4 8 1 6 7 5 2 3 0]
521 323 [4 8 1 6 0 7 2 3 5]
522 324 [4 7 8 6 0 5 2 1 3]
523 324 [4 7 8 6 1 5 0 2 3]
524 325 [0 4 7 6 1 8 2 3 5]
525 326 [4 6 7 2 5 8 0 3 1]
526 326 [4 6 7 2 5 8 3 1 0]
527 327 [4 6 7 3 2 8 0 5 1]
528 327 [0 6 7 4 2 8 3 5 1]
529 328 [4 6 7 2 8 1 3 5 0]
530 328 [4 6 0 2 8 7 3 5 1]
531 329 [2 4 7 3 6 8 0 5 1]
532 329 [2 4 7 6 0 8 3 5 1]
533 330 [2 4 8 3 7 6 0 5 1]
534 330 [2 4 8 7 0 6 3 5 1]
535 331 [4 8 6 2 7 1 3 5 0]
536 331 [4 8 6 2 0 7 3 5 1]
537 332 [4 7 8 3 0 6 5 2 1]
538 332 [4 7 8 3 2 6 5 1 0]
539 333 [7 2 8 4 0 6 3 5 1]
540 333 [7 8 0 4 2 6 3 5 1]
541 334 [0 2 8 3 4 1 6 7 5]
542 334 [2 8 0 3 4 1 6 7 5]
543 335 [2 4 8 6 3 1 0 7 5]
544 335 [0 4 8 2 3 1 6 7 5]
545 336 [2 4 8 3 1 5 6 7 0]
546 336 [2 4 0 3 1 8 6 7 5]
547 337 [2 4 0 3 7 8 6 5 1]
548 337 [2 4 8 3 0 7 6 5 1]
549 338 [0 4 8 2 6 1 7 3 5]
550 338 [2 4 8 6 0 1 7 3 5]
551 339 [2 4 0 7 6 8 3 5 1]
552 339 [2 4 8 7 0 6 3 5 1]
553 340 [2 8 1 7 4 5 3 6 0]
554 340 [2 8 1 7 0 4 3 6 5]
555 341 [2 1 4 7 0 8 3 6 5]
556 341 [0 2 4 7 1 8 3 6 5]
557 342 [0 4 1 2 8 5 3 7 6]
558 342 [4 1 0 2 8 5 3 7 6]
559 343 [4 8 1 3 2 5 0 7 6]
560 343 [0 8 1 4 2 5 3 7 6]
561 344 [4 8 1 2 5 6 3 7 0]
562 344 [4 8 0 2 5 1 3 7 6]
563 345 [0 8 1 4 7 5 2 3 6]
564 345 [4 8 1 7 0 5 2 3 6]
565 346 [0 8 1 4 6 7 2 3 5]
566 346 [4 8 1 6 0 7 2 3 5]
567 347 [4 8 0 2 6 1 3 5 7]
568 347 [4 8 1 2 0 6 3 5 7]
569 348 [2 4 1 3 8 7 0 6 5]
570 348 [2 4 1 8 0 7 3 6 5]
571 349 [4 8 1 3 0 7 6 2 5]
572 349 [4 8 1 3 2 7 6 5 0]
573 350 [8 2 1 4 0 7 3 6 5]
574 350 [8 1 0 4 2 7 3 6 5]
575 351 [3 4 8 6 7 1 0 2 5]
576 351 [3 4 8 7 0 1 6 2 5]
577 352 [4 8 1 3 7 5 6 2 0]
578 352 [4 8 1 3 0 7 6 2 5]
579 353 [7 3 8 4 0 1 6 2 5]
580 353 [7 8 0 4 3 1 6 2 5]
581 354 [4 7 8 3 0 5 6 1 2]
582 354 [4 7 8 3 1 5 0 6 2]
583 355 [0 4 7 3 1 8 6 2 5]
584 356 [4 2 7 3 0 8 6 5 1]
585 356 [0 4 7 3 2 8 6 5 1]
586 357 [4 7 8 3 5 2 0 6 1]
587 357 [4 7 8 3 5 2 6 1 0]
588 358 [0 4 8 3 7 2 6 5 1]
589 358 [4 8 0 3 7 2 6 5 1]
590 359 [4 7 8 6 3 2 0 5 1]
591 359 [0 7 8 4 3 2 6 5 1]
592 360 [0 2 8 7 6 1 4 3 5]
593 360 [7 2 8 6 0 1 4 3 5]
594 361 [7 2 0 4 6 8 3 5 1]
595 361 [7 2 8 4 0 6 3 5 1]
596 362 [7 2 8 3 0 1 6 4 5]
597 362 [7 2 8 3 4 1 6 5 0]
598 363 [7 1 2 4 0 8 3 6 5]
599 363 [0 7 2 4 1 8 3 6 5]
600 364 [7 8 1 4 0 5 3 2 6]
601 364 [7 8 1 4 2 5 0 3 6]
602 365 [7 8 1 4 6 2 0 3 5]
603 365 [7 8 1 4 6 2 3 5 0]
604 366 [0 7 1 4 8 2 3 6 5]
605 366 [7 1 0 4 8 2 3 6 5]
606 367 [7 8 1 3 4 2 0 6 5]
607 367 [0 8 1 7 4 2 3 6 5]
608 368 [0 2 8 3 4 5 1 7 6]
609 368 [2 8 0 3 4 5 1 7 6]
610 369 [2 4 8 1 3 5 0 7 6]
611 369 [0 4 8 2 3 5 1 7 6]
612 370 [2 4 8 3 5 6 1 7 0]
613 370 [2 4 0 3 5 8 1 7 6]
614 371 [2 4 0 3 7 8 1 6 5]
615 371 [2 4 8 3 0 7 1 6 5]
616 372 [0 4 8 2 1 5 7 3 6]
617 372 [2 4 8 1 0 5 7 3 6]
618 373 [2 8 5 7 4 6 3 1 0]
619 373 [2 8 5 7 0 4 3 1 6]
620 374 [2 4 8 7 0 6 3 5 1]
621 374 [2 4 8 7 5 6 0 3 1]
622 375 [2 5 4 7 0 8 3 1 6]
623 375 [0 2 4 7 5 8 3 1 6]
624 376 [0 4 5 2 8 6 3 7 1]
625 376 [4 5 0 2 8 6 3 7 1]
626 377 [4 8 5 3 2 6 0 7 1]
627 377 [0 8 5 4 2 6 3 7 1]
628 378 [4 8 5 2 6 1 3 7 0]
629 378 [4 8 0 2 6 5 3 7 1]
630 379 [0 8 5 4 7 6 2 3 1]
631 379 [4 8 5 7 0 6 2 3 1]
632 380 [0 8 5 4 1 7 2 3 6]
633 381 [4 8 0 2 1 5 3 6 7]
634 381 [4 8 5 2 0 1 3 6 7]
635 382 [2 4 5 3 8 7 0 1 6]
636 382 [2 4 5 8 0 7 3 1 6]
637 383 [4 8 5 3 0 7 1 2 6]
638 383 [4 8 5 3 2 7 1 6 0]
639 384 [8 2 5 4 0 7 3 1 6]
640 384 [8 5 0 4 2 7 3 1 6]
641 385 [3 4 8 1 7 5 0 2 6]
642 385 [3 4 8 7 0 5 1 2 6]
643 386 [4 8 5 3 7 6 1 2 0]
644 386 [4 8 5 3 0 7 1 2 6]
645 387 [7 3 8 4 0 5 1 2 6]
646 387 [7 8 0 4 3 5 1 2 6]
647 388 [4 7 8 3 0 6 1 5 2]
648 388 [4 7 8 3 5 6 0 1 2]
649 389 [4 5 7 3 0 8 1 2 6]
650 389 [0 4 7 3 5 8 1 2 6]
651 390 [4 2 7 3 0 8 1 6 5]
652 390 [0 4 7 3 2 8 1 6 5]
653 391 [4 7 8 3 6 2 0 1 5]
654 391 [4 7 8 3 6 2 1 5 0]
655 392 [0 4 8 3 7 2 1 6 5]
656 392 [4 8 0 3 7 2 1 6 5]
657 393 [4 7 8 1 3 2 0 6 5]
658 393 [0 7 8 4 3 2 1 6 5]
659 394 [0 2 8 7 1 5 4 3 6]
660 394 [7 2 8 1 0 5 4 3 6]
661 395 [7 2 8 3 0 5 1 4 6]
662 395 [7 2 8 3 4 5 1 6 0]
663 396 [7 2 8 4 0 6 3 5 1]
664 396 [7 2 8 4 5 6 0 3 1]
665 397 [7 5 2 4 0 8 3 1 6]
666 397 [0 7 2 4 5 8 3 1 6]
667 398 [7 8 5 4 0 6 3 2 1]
668 398 [7 8 5 4 2 6 0 3 1]
669 399 [7 8 5 4 1 2 0 3 6]
670 399 [7 8 5 4 1 2 3 6 0]
671 400 [0 7 5 4 8 2 3 1 6]
672 400 [7 5 0 4 8 2 3 1 6]
673 401 [7 8 5 3 4 2 0 1 6]
674 401 [0 8 5 7 4 2 3 1 6]
675 402 [2 4 8 3 7 6 0 5 1]
676 402 [2 4 8 7 0 6 3 5 1]
677 403 [4 8 6 2 7 1 3 5 0]
678 403 [4 8 6 2 0 7 3 5 1]
679 404 [4 7 8 3 0 6 5 2 1]
680 404 [4 7 8 3 2 6 5 1 0]
681 405 [7 2 8 4 0 6 3 5 1]
682 405 [7 8 0 4 2 6 3 5 1]
683 406 [7 5 8 4 0 6 2 3 1]
684 406 [7 8 0 4 5 6 2 3 1]
685 407 [4 7 8 5 3 6 0 2 1]
686 407 [4 7 8 5 3 6 2 1 0]
687 408 [0 4 8 5 7 6 2 3 1]
688 408 [4 8 0 5 7 6 2 3 1]
689 409 [4 7 8 5 6 1 2 3 0]
690 409 [4 7 0 5 6 8 2 3 1]
691 410 [0 5 7 4 1 8 2 3 6]
692 411 [4 5 0 2 1 7 3 6 8]
693 411 [4 5 7 2 0 1 3 6 8]
694 412 [4 5 7 3 0 8 1 2 6]
695 412 [4 5 7 3 2 8 1 6 0]
696 413 [5 2 7 4 0 8 3 1 6]
697 413 [5 7 0 4 2 8 3 1 6]
698 414 [4 5 7 2 0 6 3 8 1]
699 414 [4 5 7 2 8 6 0 3 1]
700 415 [2 4 7 3 0 8 1 5 6]
701 415 [2 4 7 3 5 8 1 6 0]
702 416 [2 4 7 5 1 8 0 3 6]
703 416 [2 4 7 5 1 8 3 6 0]
704 417 [0 2 7 5 4 8 3 1 6]
705 417 [2 7 0 5 4 8 3 1 6]
706 418 [2 4 7 5 8 6 3 1 0]
707 418 [2 4 0 5 8 7 3 1 6]
708 419 [0 1 8 7 3 5 4 2 6]
709 419 [7 1 8 3 0 5 4 2 6]
710 420 [7 1 0 4 3 8 2 6 5]
711 420 [7 1 8 4 0 3 2 6 5]
712 421 [7 1 8 2 0 5 3 4 6]
713 421 [7 1 8 2 4 5 3 6 0]
714 422 [1 8 0 7 4 5 2 3 6]
715 423 [7 1 8 4 0 6 2 5 3]
716 423 [7 1 8 4 5 6 0 2 3]
717 424 [7 5 1 4 0 8 2 3 6]
718 424 [0 7 1 4 5 8 2 3 6]
719 425 [7 8 5 4 0 6 2 1 3]
720 425 [7 8 5 4 1 6 0 2 3]
721 426 [7 8 5 4 3 1 0 2 6]
722 426 [7 8 5 4 3 1 2 6 0]
723 427 [0 7 5 4 8 1 2 3 6]
724 427 [7 5 0 4 8 1 2 3 6]
725 428 [7 8 5 2 4 1 0 3 6]
726 428 [0 8 5 7 4 1 2 3 6]
727 429 [7 3 8 4 0 5 1 2 6]
728 429 [7 8 0 4 3 5 1 2 6]
729 430 [4 3 7 1 0 8 2 6 5]
730 430 [0 4 7 1 3 8 2 6 5]
731 431 [4 7 8 1 6 3 0 2 5]
732 431 [4 7 8 1 6 3 2 5 0]
733 432 [0 4 8 1 7 3 2 6 5]
734 432 [4 8 0 1 7 3 2 6 5]
735 433 [4 7 8 2 1 3 0 6 5]
736 433 [0 7 8 4 1 3 2 6 5]
737 434 [1 4 8 2 0 5 3 7 6]
738 434 [1 4 8 2 7 5 3 6 0]
739 435 [1 4 8 7 3 5 0 2 6]
740 435 [1 4 8 7 3 5 2 6 0]
741 436 [1 8 0 7 4 5 2 3 6]
742 437 [1 4 8 7 5 6 2 3 0]
743 437 [1 4 0 7 5 8 2 3 6]
744 438 [4 8 5 1 0 6 2 7 3]
745 438 [4 8 5 1 7 6 0 2 3]
746 439 [4 8 5 1 3 7 0 2 6]
747 439 [4 8 5 1 3 7 2 6 0]
748 440 [0 4 5 1 8 7 2 3 6]
749 440 [4 5 0 1 8 7 2 3 6]
750 441 [0 8 5 4 1 7 2 3 6]
751 442 [0 4 8 1 7 6 2 5 3]
752 442 [4 8 0 1 7 6 2 5 3]
753 443 [4 7 8 2 1 6 0 5 3]
754 443 [0 7 8 4 1 6 2 5 3]
755 444 [4 7 8 1 6 3 2 5 0]
756 444 [4 7 0 1 6 8 2 5 3]
757 445 [0 7 8 4 5 6 1 2 3]
758 445 [4 7 8 5 0 6 1 2 3]
759 446 [4 5 7 1 3 8 0 2 6]
760 446 [4 5 7 1 3 8 2 6 0]
761 447 [0 5 7 4 1 8 2 3 6]
762 448 [4 5 7 1 8 6 2 3 0]
763 448 [4 5 0 1 8 7 2 3 6]
764 449 [1 4 7 2 5 8 0 3 6]
765 449 [1 4 7 5 0 8 2 3 6]
766 450 [1 6 7 4 3 8 2 0 5]
767 450 [1 6 7 0 4 8 2 3 5]
768 450 [1 6 7 4 8 0 2 3 5]
769 451 [1 7 8 4 6 0 2 3 5]
770 453 [4 1 7 6 3 0 2 5 8]
771 454 [6 4 7 0 1 8 2 3 5]
772 455 [4 1 7 6 8 5 2 0 3]
773 456 [4 0 1 6 8 7 2 3 5]
774 457 [4 6 1 2 5 7 3 0 8]
775 457 [4 6 1 0 2 7 3 5 8]
776 457 [4 6 1 2 7 0 3 5 8]
777 458 [2 4 1 0 6 7 3 5 8]
778 459 [4 1 7 0 5 6 2 3 8]
779 461 [2 4 7 0 1 6 3 5 8]
780 462 [4 7 6 2 1 0 3 5 8]
781 463 [4 1 7 3 2 6 5 0 8]
782 464 [1 0 7 4 2 6 3 5 8]
783 465 [3 4 7 0 1 8 6 2 5]
784 467 [1 0 7 4 3 8 6 2 5]
785 468 [4 1 7 3 8 5 6 0 2]
786 469 [4 0 1 3 8 7 6 2 5]
787 470 [4 0 1 3 2 7 6 5 8]
788 471 [4 1 7 3 5 2 6 0 8]
789 471 [4 0 7 3 1 2 6 5 8]
790 471 [4 1 7 0 3 2 6 5 8]
791 472 [1 2 7 0 6 8 4 3 5]
792 473 [1 2 7 4 6 0 3 5 8]
793 474 [1 2 7 3 4 8 6 0 5]
794 475 [1 2 7 4 8 5 3 0 6]
795 476 [1 0 2 4 8 7 3 6 5]
796 477 [1 7 8 4 2 5 3 0 6]
797 478 [1 7 8 4 6 2 3 0 5]
798 478 [1 0 8 4 7 2 3 6 5]
799 478 [1 7 8 0 4 2 3 6 5]
800 479 [2 4 7 0 1 5 3 8 6]
801 480 [4 7 5 2 1 0 3 8 6]
802 481 [4 1 7 3 2 5 8 0 6]
803 482 [1 0 7 4 2 5 3 8 6]
804 484 [4 0 1 2 5 7 3 8 6]
805 485 [1 0 7 4 8 5 2 3 6]
806 486 [4 1 7 8 3 5 2 0 6]
807 486 [4 0 7 8 1 5 2 3 6]
808 486 [4 1 7 8 5 0 2 3 6]
809 487 [2 4 1 3 8 7 6 0 5]
810 488 [2 4 1 8 6 7 3 0 5]
811 488 [2 0 1 8 4 7 3 6 5]
812 488 [2 4 1 8 7 0 3 6 5]
813 489 [3 2 7 0 4 8 6 1 5]
814 490 [2 7 8 3 4 0 6 1 5]
815 491 [2 4 7 6 3 8 1 0 5]
816 492 [4 0 7 2 3 8 6 1 5]
817 493 [2 4 7 3 8 5 6 0 1]
818 494 [2 0 4 3 8 7 6 1 5]
819 495 [2 0 4 3 1 7 6 5 8]
820 496 [2 4 7 3 5 1 6 0 8]
821 496 [2 0 7 3 4 1 6 5 8]
822 496 [2 4 7 0 3 1 6 5 8]
823 497 [4 0 7 2 6 8 1 3 5]
824 498 [2 4 7 6 3 8 1 0 5]
825 498 [2 0 7 6 4 8 1 3 5]
826 498 [2 4 7 6 8 0 1 3 5]
827 499 [2 0 4 1 6 7 3 5 8]
828 500 [2 4 7 1 5 6 3 0 8]
829 500 [2 0 7 1 4 6 3 5 8]
830 500 [2 4 7 0 1 6 3 5 8]
831 501 [1 2 7 3 4 8 6 0 5]
832 502 [2 7 8 1 4 5 3 0 6]
833 503 [2 7 8 1 6 4 3 0 5]
834 503 [2 0 8 1 7 4 3 6 5]
835 503 [2 7 8 0 1 4 3 6 5]
836 504 [2 0 7 1 4 5 3 8 6]
837 504 [2 4 7 0 1 5 3 8 6]
838 504 [2 4 7 1 5 0 3 8 6]
839 505 [2 4 7 0 8 5 1 3 6]
840 506 [2 8 4 1 6 7 3 0 5]
841 506 [2 8 4 0 1 7 3 6 5]
842 506 [2 8 4 1 7 0 3 6 5]
843 507 [1 2 4 0 8 7 3 6 5]
844 508 [7 6 8 0 3 1 4 2 5]
845 509 [7 6 8 4 3 0 2 5 1]
846 510 [7 6 8 2 4 1 3 0 5]
847 511 [6 0 8 7 4 1 2 3 5]
848 512 [7 6 8 4 1 5 2 0 3]
849 513 [7 0 6 4 1 8 2 3 5]
850 514 [7 8 1 4 6 5 2 0 3]
851 515 [7 8 1 4 3 6 2 0 5]
852 515 [7 0 1 4 8 6 2 3 5]
853 515 [7 8 1 0 4 6 2 3 5]
854 516 [4 0 7 6 3 8 2 5 1]
855 517 [4 7 8 6 5 3 2 0 1]
856 517 [4 0 8 6 7 3 2 5 1]
857 517 [4 7 8 0 6 3 2 5 1]
858 518 [6 4 8 2 7 1 3 0 5]
859 519 [6 4 8 7 3 1 2 0 5]
860 519 [6 0 8 7 4 1 2 3 5]
861 519 [6 4 8 7 1 0 2 3 5]
862 520 [4 8 1 6 7 5 2 0 3]
863 521 [4 8 1 6 3 7 2 0 5]
864 521 [4 0 1 6 8 7 2 3 5]
865 522 [4 0 8 6 7 5 2 1 3]
866 522 [4 7 8 0 6 5 2 1 3]
867 522 [4 7 8 6 5 0 2 1 3]
868 523 [4 7 8 0 1 5 6 2 3]
869 524 [6 4 7 0 1 8 2 3 5]
870 525 [4 6 7 0 5 8 2 3 1]
871 526 [4 6 7 2 5 0 3 1 8]
872 527 [4 6 7 3 2 8 5 0 1]
873 528 [6 0 7 4 2 8 3 5 1]
874 529 [4 6 7 2 8 1 3 0 5]
875 530 [4 0 6 2 8 7 3 5 1]
876 531 [2 4 7 3 6 8 5 0 1]
877 532 [2 4 7 6 5 8 3 0 1]
878 532 [2 0 7 6 4 8 3 5 1]
879 532 [2 4 7 6 8 0 3 5 1]
880 533 [2 4 8 3 7 6 5 0 1]
881 534 [2 0 8 7 4 6 3 5 1]
882 535 [4 8 6 2 7 1 3 0 5]
883 536 [4 8 6 2 5 7 3 0 1]
884 536 [4 0 6 2 8 7 3 5 1]
885 536 [4 8 6 0 2 7 3 5 1]
886 537 [4 0 8 3 7 6 5 2 1]
887 537 [4 7 8 0 3 6 5 2 1]
888 537 [4 7 8 3 6 0 5 2 1]
889 538 [4 7 8 3 2 0 5 1 6]
890 539 [7 2 8 0 4 6 3 5 1]
891 540 [7 8 6 4 2 0 3 5 1]
892 541 [3 2 8 0 4 1 6 7 5]
893 542 [2 8 1 3 4 0 6 7 5]
894 543 [2 4 8 6 3 1 7 0 5]
895 544 [4 0 8 2 3 1 6 7 5]
896 545 [2 4 8 3 1 5 6 0 7]
897 546 [2 0 4 3 1 8 6 7 5]
898 547 [2 0 4 3 7 8 6 5 1]
899 548 [2 4 8 3 5 7 6 0 1]
900 548 [2 0 8 3 4 7 6 5 1]
901 548 [2 4 8 0 3 7 6 5 1]
902 549 [4 0 8 2 6 1 7 3 5]
903 550 [2 4 8 6 3 1 7 0 5]
904 550 [2 0 8 6 4 1 7 3 5]
905 550 [2 4 8 6 1 0 7 3 5]
906 551 [2 0 4 7 6 8 3 5 1]
907 552 [2 0 8 7 4 6 3 5 1]
908 553 [2 8 1 7 4 5 3 0 6]
909 554 [2 8 1 7 6 4 3 0 5]
910 554 [2 0 1 7 8 4 3 6 5]
911 554 [2 8 1 0 7 4 3 6 5]
912 555 [2 1 4 7 6 8 3 0 5]
913 555 [2 1 4 0 7 8 3 6 5]
914 555 [2 1 4 7 8 0 3 6 5]
915 556 [7 2 4 0 1 8 3 6 5]
916 557 [2 4 1 0 8 5 3 7 6]
917 558 [4 1 5 2 8 0 3 7 6]
918 559 [4 8 1 3 2 5 7 0 6]
919 560 [8 0 1 4 2 5 3 7 6]
920 561 [4 8 1 2 5 6 3 0 7]
921 562 [4 0 8 2 5 1 3 7 6]
922 563 [8 0 1 4 7 5 2 3 6]
923 564 [4 8 1 7 3 5 2 0 6]
924 564 [4 0 1 7 8 5 2 3 6]
925 564 [4 8 1 7 5 0 2 3 6]
926 565 [8 0 1 4 6 7 2 3 5]
927 566 [4 8 1 6 3 7 2 0 5]
928 566 [4 0 1 6 8 7 2 3 5]
929 567 [4 0 8 2 6 1 3 5 7]
930 568 [4 8 1 2 5 6 3 0 7]
931 568 [4 0 1 2 8 6 3 5 7]
932 568 [4 8 1 0 2 6 3 5 7]
933 569 [2 4 1 3 8 7 6 0 5]
934 570 [2 4 1 8 6 7 3 0 5]
935 570 [2 0 1 8 4 7 3 6 5]
936 570 [2 4 1 8 7 0 3 6 5]
937 571 [4 0 1 3 8 7 6 2 5]
938 571 [4 8 1 0 3 7 6 2 5]
939 572 [4 8 1 3 2 0 6 5 7]
940 573 [8 2 1 4 6 7 3 0 5]
941 573 [8 2 1 0 4 7 3 6 5]
942 573 [8 2 1 4 7 0 3 6 5]
943 574 [8 1 7 4 2 0 3 6 5]
944 575 [3 4 8 6 7 1 2 0 5]
945 576 [3 4 8 7 2 1 6 0 5]
946 576 [3 0 8 7 4 1 6 2 5]
947 576 [3 4 8 7 1 0 6 2 5]
948 577 [4 8 1 3 7 5 6 0 2]
949 578 [4 0 1 3 8 7 6 2 5]
950 578 [4 8 1 0 3 7 6 2 5]
951 579 [7 3 8 4 2 1 6 0 5]
952 579 [7 3 8 0 4 1 6 2 5]
953 579 [7 3 8 4 1 0 6 2 5]
954 580 [7 8 1 4 3 0 6 2 5]
955 581 [4 0 8 3 7 5 6 1 2]
956 581 [4 7 8 0 3 5 6 1 2]
957 581 [4 7 8 3 5 0 6 1 2]
958 582 [4 7 8 0 1 5 3 6 2]
959 583 [3 4 7 0 1 8 6 2 5]
960 584 [4 2 7 3 5 8 6 0 1]
961 584 [4 2 7 0 3 8 6 5 1]
962 584 [4 2 7 3 8 0 6 5 1]
963 585 [3 4 7 0 2 8 6 5 1]
964 586 [4 7 8 0 5 2 3 6 1]
965 587 [4 7 8 3 5 0 6 1 2]
966 588 [3 4 8 0 7 2 6 5 1]
967 589 [4 8 2 3 7 0 6 5 1]
968 590 [4 7 8 6 3 2 5 0 1]
969 591 [7 0 8 4 3 2 6 5 1]
970 592 [2 0 8 7 6 1 4 3 5]
971 593 [7 2 8 6 3 1 4 0 5]
972 593 [7 0 8 6 2 1 4 3 5]
973 593 [7 2 8 6 1 0 4 3 5]
974 594 [7 0 2 4 6 8 3 5 1]
975 595 [7 2 8 0 4 6 3 5 1]
976 596 [7 0 8 3 2 1 6 4 5]
977 596 [7 2 8 0 3 1 6 4 5]
978 596 [7 2 8 3 1 0 6 4 5]
979 597 [7 2 8 3 4 0 6 5 1]
980 598 [7 1 2 4 6 8 3 0 5]
981 598 [7 1 2 0 4 8 3 6 5]
982 598 [7 1 2 4 8 0 3 6 5]
983 599 [4 7 2 0 1 8 3 6 5]
984 600 [7 0 1 4 8 5 3 2 6]
985 600 [7 8 1 0 4 5 3 2 6]
986 600 [7 8 1 4 5 0 3 2 6]
987 601 [7 8 1 0 2 5 4 3 6]
988 602 [7 8 1 0 6 2 4 3 5]
989 603 [7 8 1 4 6 0 3 5 2]
990 604 [4 7 1 0 8 2 3 6 5]
991 605 [7 1 2 4 8 0 3 6 5]
992 606 [7 8 1 3 4 2 6 0 5]
993 607 [8 0 1 7 4 2 3 6 5]
994 608 [3 2 8 0 4 5 1 7 6]
995 609 [2 8 5 3 4 0 1 7 6]
996 610 [2 4 8 1 3 5 7 0 6]
997 611 [4 0 8 2 3 5 1 7 6]
998 612 [2 4 8 3 5 6 1 0 7]
999 613 [2 0 4 3 5 8 1 7 6]
1000 614 [2 0 4 3 7 8 1 6 5]
1001 615 [2 4 8 3 6 7 1 0 5]
1002 615 [2 0 8 3 4 7 1 6 5]
1003 615 [2 4 8 0 3 7 1 6 5]
1004 616 [4 0 8 2 1 5 7 3 6]
1005 617 [2 4 8 1 3 5 7 0 6]
1006 617 [2 0 8 1 4 5 7 3 6]
1007 617 [2 4 8 1 5 0 7 3 6]
1008 618 [2 8 5 7 4 6 3 0 1]
1009 619 [2 8 5 7 1 4 3 0 6]
1010 619 [2 0 5 7 8 4 3 1 6]
1011 619 [2 8 5 0 7 4 3 1 6]
1012 620 [2 0 8 7 4 6 3 5 1]
1013 621 [2 4 8 0 5 6 7 3 1]
1014 622 [2 5 4 7 1 8 3 0 6]
1015 622 [2 5 4 0 7 8 3 1 6]
1016 622 [2 5 4 7 8 0 3 1 6]
1017 623 [7 2 4 0 5 8 3 1 6]
1018 624 [2 4 5 0 8 6 3 7 1]
1019 625 [4 5 6 2 8 0 3 7 1]
1020 626 [4 8 5 3 2 6 7 0 1]
1021 627 [8 0 5 4 2 6 3 7 1]
1022 628 [4 8 5 2 6 1 3 0 7]
1023 629 [4 0 8 2 6 5 3 7 1]
1024 630 [8 0 5 4 7 6 2 3 1]
1025 631 [4 8 5 7 3 6 2 0 1]
1026 631 [4 0 5 7 8 6 2 3 1]
1027 631 [4 8 5 7 6 0 2 3 1]
1028 632 [8 0 5 4 1 7 2 3 6]
1029 633 [4 0 8 2 1 5 3 6 7]
1030 634 [4 8 5 2 6 1 3 0 7]
1031 634 [4 0 5 2 8 1 3 6 7]
1032 634 [4 8 5 0 2 1 3 6 7]
1033 635 [2 4 5 3 8 7 1 0 6]
1034 636 [2 4 5 8 1 7 3 0 6]
1035 636 [2 0 5 8 4 7 3 1 6]
1036 636 [2 4 5 8 7 0 3 1 6]
1037 637 [4 0 5 3 8 7 1 2 6]
1038 637 [4 8 5 0 3 7 1 2 6]
1039 638 [4 8 5 3 2 0 1 6 7]
1040 639 [8 2 5 4 1 7 3 0 6]
1041 639 [8 2 5 0 4 7 3 1 6]
1042 639 [8 2 5 4 7 0 3 1 6]
1043 640 [8 5 7 4 2 0 3 1 6]
1044 641 [3 4 8 1 7 5 2 0 6]
1045 642 [3 4 8 7 2 5 1 0 6]
1046 642 [3 0 8 7 4 5 1 2 6]
1047 642 [3 4 8 7 5 0 1 2 6]
1048 643 [4 8 5 3 7 6 1 0 2]
1049 644 [4 0 5 3 8 7 1 2 6]
1050 644 [4 8 5 0 3 7 1 2 6]
1051 645 [7 3 8 4 2 5 1 0 6]
1052 645 [7 3 8 0 4 5 1 2 6]
1053 645 [7 3 8 4 5 0 1 2 6]
1054 646 [7 8 5 4 3 0 1 2 6]
1055 647 [4 0 8 3 7 6 1 5 2]
1056 647 [4 7 8 0 3 6 1 5 2]
1057 647 [4 7 8 3 6 0 1 5 2]
1058 648 [4 7 8 0 5 6 3 1 2]
1059 649 [4 5 7 0 3 8 1 2 6]
1060 649 [4 5 7 3 8 0 1 2 6]
1061 650 [3 4 7 0 5 8 1 2 6]
1062 651 [4 2 7 3 6 8 1 0 5]
1063 651 [4 2 7 0 3 8 1 6 5]
1064 651 [4 2 7 3 8 0 1 6 5]
1065 652 [3 4 7 0 2 8 1 6 5]
1066 653 [4 7 8 0 6 2 3 1 5]
1067 654 [4 7 8 3 6 0 1 5 2]
1068 655 [3 4 8 0 7 2 1 6 5]
1069 656 [4 8 2 3 7 0 1 6 5]
1070 657 [4 7 8 1 3 2 6 0 5]
1071 658 [7 0 8 4 3 2 1 6 5]
1072 659 [2 0 8 7 1 5 4 3 6]
1073 660 [7 2 8 1 3 5 4 0 6]
1074 660 [7 0 8 1 2 5 4 3 6]
1075 660 [7 2 8 1 5 0 4 3 6]
1076 661 [7 0 8 3 2 5 1 4 6]
1077 661 [7 2 8 0 3 5 1 4 6]
1078 661 [7 2 8 3 5 0 1 4 6]
1079 662 [7 2 8 3 4 0 1 6 5]
1080 663 [7 2 8 0 4 6 3 5 1]
1081 664 [7 2 8 0 5 6 4 3 1]
1082 665 [7 5 2 4 1 8 3 0 6]
1083 665 [7 5 2 0 4 8 3 1 6]
1084 665 [7 5 2 4 8 0 3 1 6]
1085 666 [4 7 2 0 5 8 3 1 6]
1086 667 [7 0 5 4 8 6 3 2 1]
1087 667 [7 8 5 0 4 6 3 2 1]
1088 667 [7 8 5 4 6 0 3 2 1]
1089 668 [7 8 5 0 2 6 4 3 1]
1090 669 [7 8 5 0 1 2 4 3 6]
1091 670 [7 8 5 4 1 0 3 6 2]
1092 671 [4 7 5 0 8 2 3 1 6]
1093 672 [7 5 2 4 8 0 3 1 6]
1094 673 [7 8 5 3 4 2 1 0 6]
1095 674 [8 0 5 7 4 2 3 1 6]
1096 675 [2 4 8 3 7 6 5 0 1]
1097 676 [2 0 8 7 4 6 3 5 1]
1098 677 [4 8 6 2 7 1 3 0 5]
1099 678 [4 8 6 2 5 7 3 0 1]
1100 678 [4 0 6 2 8 7 3 5 1]
1101 678 [4 8 6 0 2 7 3 5 1]
1102 679 [4 0 8 3 7 6 5 2 1]
1103 679 [4 7 8 0 3 6 5 2 1]
1104 679 [4 7 8 3 6 0 5 2 1]
1105 680 [4 7 8 3 2 0 5 1 6]
1106 681 [7 2 8 0 4 6 3 5 1]
1107 682 [7 8 6 4 2 0 3 5 1]
1108 683 [7 5 8 4 3 6 2 0 1]
1109 683 [7 5 8 0 4 6 2 3 1]
1110 683 [7 5 8 4 6 0 2 3 1]
1111 684 [7 8 6 4 5 0 2 3 1]
1112 685 [4 7 8 0 3 6 5 2 1]
1113 686 [4 7 8 5 3 0 2 1 6]
1114 687 [5 4 8 0 7 6 2 3 1]
1115 688 [4 8 6 5 7 0 2 3 1]
1116 689 [4 7 8 5 6 1 2 0 3]
1117 690 [4 0 7 5 6 8 2 3 1]
1118 691 [5 0 7 4 1 8 2 3 6]
1119 692 [4 0 5 2 1 7 3 6 8]
1120 693 [4 5 7 2 6 1 3 0 8]
1121 693 [4 0 7 2 5 1 3 6 8]
1122 693 [4 5 7 0 2 1 3 6 8]
1123 694 [4 5 7 0 3 8 1 2 6]
1124 694 [4 5 7 3 8 0 1 2 6]
1125 695 [4 5 7 3 2 0 1 6 8]
1126 696 [5 2 7 4 1 8 3 0 6]
1127 696 [5 2 7 0 4 8 3 1 6]
1128 696 [5 2 7 4 8 0 3 1 6]
1129 697 [5 7 8 4 2 0 3 1 6]
1130 698 [4 0 7 2 5 6 3 8 1]
1131 698 [4 5 7 0 2 6 3 8 1]
1132 698 [4 5 7 2 6 0 3 8 1]
1133 699 [4 5 7 0 8 6 2 3 1]
1134 700 [2 0 7 3 4 8 1 5 6]
1135 700 [2 4 7 0 3 8 1 5 6]
1136 700 [2 4 7 3 8 0 1 5 6]
1137 701 [2 4 7 3 5 0 1 6 8]
1138 702 [2 4 7 0 1 8 5 3 6]
1139 703 [2 4 7 5 1 0 3 6 8]
1140 704 [5 2 7 0 4 8 3 1 6]
1141 705 [2 7 8 5 4 0 3 1 6]
1142 706 [2 4 7 5 8 6 3 0 1]
1143 707 [2 0 4 5 8 7 3 1 6]
1144 708 [1 0 8 7 3 5 4 2 6]
1145 709 [7 1 8 3 2 5 4 0 6]
1146 709 [7 0 8 3 1 5 4 2 6]
1147 709 [7 1 8 3 5 0 4 2 6]
1148 710 [7 0 1 4 3 8 2 6 5]
1149 711 [7 1 8 4 6 3 2 0 5]
1150 711 [7 0 8 4 1 3 2 6 5]
1151 711 [7 1 8 0 4 3 2 6 5]
1152 712 [7 0 8 2 1 5 3 4 6]
1153 712 [7 1 8 0 2 5 3 4 6]
1154 712 [7 1 8 2 5 0 3 4 6]
1155 713 [7 1 8 2 4 0 3 6 5]
1156 714 [1 8 5 7 4 0 2 3 6]
1157 715 [7 0 8 4 1 6 2 5 3]
1158 715 [7 1 8 0 4 6 2 5 3]
1159 715 [7 1 8 4 6 0 2 5 3]
1160 716 [7 1 8 0 5 6 4 2 3]
1161 717 [7 5 1 4 3 8 2 0 6]
1162 717 [7 5 1 0 4 8 2 3 6]
1163 717 [7 5 1 4 8 0 2 3 6]
1164 718 [4 7 1 0 5 8 2 3 6]
1165 719 [7 0 5 4 8 6 2 1 3]
1166 719 [7 8 5 0 4 6 2 1 3]
1167 719 [7 8 5 4 6 0 2 1 3]
1168 720 [7 8 5 0 1 6 4 2 3]
1169 721 [7 8 5 0 3 1 4 2 6]
1170 722 [7 8 5 4 3 0 2 6 1]
1171 723 [4 7 5 0 8 1 2 3 6]
1172 724 [7 5 1 4 8 0 2 3 6]
1173 725 [7 8 5 2 4 1 3 0 6]
1174 726 [8 0 5 7 4 1 2 3 6]
1175 727 [7 3 8 4 2 5 1 0 6]
1176 727 [7 3 8 0 4 5 1 2 6]
1177 727 [7 3 8 4 5 0 1 2 6]
1178 728 [7 8 5 4 3 0 1 2 6]
1179 729 [4 3 7 1 6 8 2 0 5]
1180 729 [4 3 7 0 1 8 2 6 5]
1181 729 [4 3 7 1 8 0 2 6 5]
1182 730 [1 4 7 0 3 8 2 6 5]
1183 731 [4 7 8 0 6 3 1 2 5]
1184 733 [1 4 8 0 7 3 2 6 5]
1185 734 [4 8 3 1 7 0 2 6 5]
1186 735 [4 7 8 2 1 3 6 0 5]
1187 736 [7 0 8 4 1 3 2 6 5]
1188 737 [1 0 8 2 4 5 3 7 6]
1189 737 [1 4 8 0 2 5 3 7 6]
1190 737 [1 4 8 2 5 0 3 7 6]
1191 738 [1 4 8 2 7 0 3 6 5]
1192 739 [1 4 8 0 3 5 7 2 6]
1193 740 [1 4 8 7 3 0 2 6 5]
1194 741 [1 8 5 7 4 0 2 3 6]
1195 742 [1 4 8 7 5 6 2 0 3]
1196 743 [1 0 4 7 5 8 2 3 6]
1197 744 [4 0 5 1 8 6 2 7 3]
1198 744 [4 8 5 0 1 6 2 7 3]
1199 744 [4 8 5 1 6 0 2 7 3]
1200 745 [4 8 5 0 7 6 1 2 3]
1201 746 [4 8 5 0 3 7 1 2 6]
1202 747 [4 8 5 1 3 0 2 6 7]
1203 748 [1 4 5 0 8 7 2 3 6]
1204 750 [8 0 5 4 1 7 2 3 6]
1205 751 [1 4 8 0 7 6 2 5 3]
1206 752 [4 8 6 1 7 0 2 5 3]
1207 753 [4 7 8 2 1 6 5 0 3]
1208 754 [7 0 8 4 1 6 2 5 3]
1209 756 [4 0 7 1 6 8 2 5 3]
1210 757 [7 0 8 4 5 6 1 2 3]
1211 758 [4 7 8 5 2 6 1 0 3]
1212 758 [4 0 8 5 7 6 1 2 3]
1213 758 [4 7 8 5 6 0 1 2 3]
1214 759 [4 5 7 0 3 8 1 2 6]
1215 760 [4 5 7 1 3 0 2 6 8]
1216 761 [5 0 7 4 1 8 2 3 6]
1217 762 [4 5 7 1 8 6 2 0 3]
1218 764 [1 4 7 2 5 8 3 0 6]
1219 765 [1 4 7 5 3 8 2 0 6]
1220 765 [1 0 7 5 4 8 2 3 6]
1221 765 [1 4 7 5 8 0 2 3 6]
1222 766 [1 6 7 4 3 8 0 2 5]
1223 766 [1 6 7 4 3 8 2 5 0]
1224 767 [1 6 7 2 4 8 0 3 5]
1225 767 [0 6 7 1 4 8 2 3 5]
1226 768 [1 6 7 4 8 5 2 3 0]
1227 768 [1 6 0 4 8 7 2 3 5]
1228 769 [1 7 8 4 6 5 2 3 0]
1229 769 [1 7 8 4 0 6 2 3 5]
1230 770 [4 1 0 6 3 7 2 5 8]
1231 770 [4 1 7 6 0 3 2 5 8]
1232 771 [6 4 7 2 1 8 0 3 5]
1233 771 [6 4 7 1 0 8 2 3 5]
1234 772 [4 1 7 6 0 5 2 8 3]
1235 772 [4 1 7 6 8 5 0 2 3]
1236 773 [0 4 1 6 8 7 2 3 5]
1237 774 [4 6 1 2 5 7 0 3 8]
1238 774 [4 6 1 2 5 7 3 8 0]
1239 775 [4 6 1 3 2 7 0 5 8]
1240 775 [0 6 1 4 2 7 3 5 8]
1241 776 [4 6 1 2 7 8 3 5 0]
1242 776 [4 6 0 2 7 1 3 5 8]
1243 777 [2 4 1 3 6 7 0 5 8]
1244 777 [2 4 1 6 0 7 3 5 8]
1245 778 [0 1 7 4 5 6 2 3 8]
1246 778 [4 1 7 5 0 6 2 3 8]
1247 779 [2 4 7 3 1 6 0 5 8]
1248 780 [4 7 6 2 1 8 3 5 0]
1249 780 [4 7 6 2 0 1 3 5 8]
1250 781 [4 1 7 3 0 6 5 2 8]
1251 781 [4 1 7 3 2 6 5 8 0]
1252 782 [1 2 7 4 0 6 3 5 8]
1253 782 [1 7 0 4 2 6 3 5 8]
1254 783 [3 4 7 6 1 8 0 2 5]
1255 783 [3 4 7 1 0 8 6 2 5]
1256 784 [1 3 7 4 0 8 6 2 5]
1257 784 [1 7 0 4 3 8 6 2 5]
1258 785 [4 1 7 3 0 5 6 8 2]
1259 785 [4 1 7 3 8 5 0 6 2]
1260 786 [0 4 1 3 8 7 6 2 5]
1261 787 [4 2 1 3 0 7 6 5 8]
1262 787 [0 4 1 3 2 7 6 5 8]
1263 788 [4 1 7 3 5 2 0 6 8]
1264 788 [4 1 7 3 5 2 6 8 0]
1265 789 [0 4 7 3 1 2 6 5 8]
1266 789 [4 7 0 3 1 2 6 5 8]
1267 790 [4 1 7 6 3 2 0 5 8]
1268 790 [0 1 7 4 3 2 6 5 8]
1269 791 [0 2 7 1 6 8 4 3 5]
1270 791 [1 2 7 6 0 8 4 3 5]
1271 792 [1 2 0 4 6 7 3 5 8]
1272 792 [1 2 7 4 0 6 3 5 8]
1273 793 [1 2 7 3 0 8 6 4 5]
1274 793 [1 2 7 3 4 8 6 5 0]
1275 794 [1 2 7 4 0 5 3 8 6]
1276 794 [1 2 7 4 8 5 0 3 6]
1277 795 [1 8 2 4 0 7 3 6 5]
1278 795 [0 1 2 4 8 7 3 6 5]
1279 796 [1 7 8 4 0 5 3 2 6]
1280 796 [1 7 8 4 2 5 0 3 6]
1281 797 [1 7 8 4 6 2 0 3 5]
1282 797 [1 7 8 4 6 2 3 5 0]
1283 798 [0 1 8 4 7 2 3 6 5]
1284 798 [1 8 0 4 7 2 3 6 5]
1285 799 [1 7 8 3 4 2 0 6 5]
1286 799 [0 7 8 1 4 2 3 6 5]
1287 800 [2 4 7 3 1 5 0 8 6]
1288 801 [4 7 5 2 1 6 3 8 0]
1289 801 [4 7 5 2 0 1 3 8 6]
1290 802 [4 1 7 3 0 5 8 2 6]
1291 802 [4 1 7 3 2 5 8 6 0]
1292 803 [1 2 7 4 0 5 3 8 6]
1293 803 [1 7 0 4 2 5 3 8 6]
1294 804 [4 5 1 2 0 7 3 8 6]
1295 804 [0 4 1 2 5 7 3 8 6]
1296 805 [1 8 7 4 0 5 2 3 6]
1297 805 [1 7 0 4 8 5 2 3 6]
1298 806 [4 1 7 8 3 5 0 2 6]
1299 806 [4 1 7 8 3 5 2 6 0]
1300 807 [0 4 7 8 1 5 2 3 6]
1301 807 [4 7 0 8 1 5 2 3 6]
1302 808 [4 1 7 8 5 6 2 3 0]
1303 808 [4 1 0 8 5 7 2 3 6]
1304 809 [2 4 1 3 0 7 6 8 5]
1305 809 [2 4 1 3 8 7 6 5 0]
1306 810 [2 4 1 8 6 7 0 3 5]
1307 810 [2 4 1 8 6 7 3 5 0]
1308 811 [0 2 1 8 4 7 3 6 5]
1309 811 [2 1 0 8 4 7 3 6 5]
1310 812 [2 4 1 8 7 5 3 6 0]
1311 812 [2 4 0 8 7 1 3 6 5]
1312 813 [3 2 7 6 4 8 0 1 5]
1313 813 [3 2 7 4 0 8 6 1 5]
1314 814 [2 7 8 3 4 5 6 1 0]
1315 814 [2 7 8 3 0 4 6 1 5]
1316 815 [2 4 7 6 3 8 1 5 0]
1317 816 [4 3 7 2 0 8 6 1 5]
1318 816 [4 7 0 2 3 8 6 1 5]
1319 817 [2 4 7 3 0 5 6 8 1]
1320 817 [2 4 7 3 8 5 0 6 1]
1321 818 [2 8 4 3 0 7 6 1 5]
1322 818 [0 2 4 3 8 7 6 1 5]
1323 819 [2 1 4 3 0 7 6 5 8]
1324 819 [0 2 4 3 1 7 6 5 8]
1325 820 [2 4 7 3 5 1 0 6 8]
1326 820 [2 4 7 3 5 1 6 8 0]
1327 821 [0 2 7 3 4 1 6 5 8]
1328 821 [2 7 0 3 4 1 6 5 8]
1329 822 [2 4 7 6 3 1 0 5 8]
1330 822 [0 4 7 2 3 1 6 5 8]
1331 823 [4 6 7 2 0 8 1 3 5]
1332 823 [4 7 0 2 6 8 1 3 5]
1333 824 [2 4 7 6 3 8 1 5 0]
1334 825 [0 2 7 6 4 8 1 3 5]
1335 825 [2 7 0 6 4 8 1 3 5]
1336 826 [2 4 7 6 8 5 1 3 0]
1337 826 [2 4 0 6 8 7 1 3 5]
1338 827 [2 6 4 1 0 7 3 5 8]
1339 827 [0 2 4 1 6 7 3 5 8]
1340 828 [2 4 7 1 5 6 0 3 8]
1341 828 [2 4 7 1 5 6 3 8 0]
1342 829 [0 2 7 1 4 6 3 5 8]
1343 829 [2 7 0 1 4 6 3 5 8]
1344 830 [2 4 7 3 1 6 0 5 8]
1345 831 [1 2 7 3 0 8 6 4 5]
1346 831 [1 2 7 3 4 8 6 5 0]
1347 832 [2 7 8 1 0 5 3 4 6]
1348 832 [2 7 8 1 4 5 0 3 6]
1349 833 [2 7 8 1 6 4 0 3 5]
1350 833 [2 7 8 1 6 4 3 5 0]
1351 834 [0 2 8 1 7 4 3 6 5]
1352 834 [2 8 0 1 7 4 3 6 5]
1353 835 [2 7 8 3 1 4 0 6 5]
1354 835 [0 7 8 2 1 4 3 6 5]
1355 836 [0 2 7 1 4 5 3 8 6]
1356 836 [2 7 0 1 4 5 3 8 6]
1357 837 [2 4 7 3 1 5 0 8 6]
1358 838 [2 4 7 1 5 6 3 8 0]
1359 838 [2 4 0 1 5 7 3 8 6]
1360 839 [0 4 7 2 8 5 1 3 6]
1361 839 [2 4 7 8 0 5 1 3 6]
1362 840 [2 8 4 1 6 7 0 3 5]
1363 840 [2 8 4 1 6 7 3 5 0]
1364 841 [2 8 4 3 1 7 0 6 5]
1365 841 [0 8 4 2 1 7 3 6 5]
1366 842 [2 8 4 1 7 5 3 6 0]
1367 842 [2 8 0 1 7 4 3 6 5]
1368 843 [1 2 4 3 8 7 0 6 5]
1369 843 [1 2 4 8 0 7 3 6 5]
1370 844 [0 6 8 7 3 1 4 2 5]
1371 844 [7 6 8 3 0 1 4 2 5]
1372 845 [7 6 0 4 3 8 2 5 1]
1373 845 [7 6 8 4 0 3 2 5 1]
1374 846 [7 6 8 2 0 1 3 4 5]
1375 846 [7 6 8 2 4 1 3 5 0]
1376 847 [6 8 0 7 4 1 2 3 5]
1377 848 [7 6 8 4 0 5 2 1 3]
1378 848 [7 6 8 4 1 5 0 2 3]
1379 849 [7 1 6 4 0 8 2 3 5]
1380 849 [0 7 6 4 1 8 2 3 5]
1381 850 [7 8 1 4 0 5 2 6 3]
1382 850 [7 8 1 4 6 5 0 2 3]
1383 851 [7 8 1 4 3 6 0 2 5]
1384 851 [7 8 1 4 3 6 2 5 0]
1385 852 [0 7 1 4 8 6 2 3 5]
1386 852 [7 1 0 4 8 6 2 3 5]
1387 853 [7 8 1 2 4 6 0 3 5]
1388 853 [0 8 1 7 4 6 2 3 5]
1389 854 [4 3 7 6 0 8 2 5 1]
1390 854 [0 4 7 6 3 8 2 5 1]
1391 855 [4 7 8 6 5 3 0 2 1]
1392 855 [4 7 8 6 5 3 2 1 0]
1393 856 [0 4 8 6 7 3 2 5 1]
1394 856 [4 8 0 6 7 3 2 5 1]
1395 857 [4 7 8 2 6 3 0 5 1]
1396 857 [0 7 8 4 6 3 2 5 1]
1397 858 [6 4 8 2 0 1 3 7 5]
1398 858 [6 4 8 2 7 1 3 5 0]
1399 859 [6 4 8 7 3 1 0 2 5]
1400 859 [6 4 8 7 3 1 2 5 0]
1401 860 [6 8 0 7 4 1 2 3 5]
1402 861 [6 4 8 7 1 5 2 3 0]
1403 861 [6 4 0 7 1 8 2 3 5]
1404 862 [4 8 1 6 0 5 2 7 3]
1405 862 [4 8 1 6 7 5 0 2 3]
1406 863 [4 8 1 6 3 7 0 2 5]
1407 863 [4 8 1 6 3 7 2 5 0]
1408 864 [0 4 1 6 8 7 2 3 5]
1409 865 [0 4 8 6 7 5 2 1 3]
1410 865 [4 8 0 6 7 5 2 1 3]
1411 866 [4 7 8 2 6 5 0 1 3]
1412 866 [0 7 8 4 6 5 2 1 3]
1413 867 [4 7 8 6 5 3 2 1 0]
1414 867 [4 7 0 6 5 8 2 1 3]
1415 868 [0 7 8 4 1 5 6 2 3]
1416 868 [4 7 8 1 0 5 6 2 3]
1417 869 [6 4 7 2 1 8 0 3 5]
1418 869 [6 4 7 1 0 8 2 3 5]
1419 870 [0 6 7 4 5 8 2 3 1]
1420 870 [4 6 7 5 0 8 2 3 1]
1421 871 [4 6 0 2 5 7 3 1 8]
1422 871 [4 6 7 2 0 5 3 1 8]
1423 872 [4 6 7 3 0 8 5 2 1]
1424 872 [4 6 7 3 2 8 5 1 0]
1425 873 [6 2 7 4 0 8 3 5 1]
1426 873 [6 7 0 4 2 8 3 5 1]
1427 874 [4 6 7 2 0 1 3 8 5]
1428 874 [4 6 7 2 8 1 0 3 5]
1429 875 [0 4 6 2 8 7 3 5 1]
1430 876 [2 4 7 3 0 8 5 6 1]
1431 876 [2 4 7 3 6 8 5 1 0]
1432 877 [2 4 7 6 5 8 0 3 1]
1433 877 [2 4 7 6 5 8 3 1 0]
1434 878 [0 2 7 6 4 8 3 5 1]
1435 878 [2 7 0 6 4 8 3 5 1]
1436 879 [2 4 7 6 8 1 3 5 0]
1437 879 [2 4 0 6 8 7 3 5 1]
1438 880 [2 4 8 3 0 6 5 7 1]
1439 880 [2 4 8 3 7 6 5 1 0]
1440 881 [0 2 8 7 4 6 3 5 1]
1441 881 [2 8 0 7 4 6 3 5 1]
1442 882 [4 8 6 2 0 1 3 7 5]
1443 882 [4 8 6 2 7 1 0 3 5]
1444 883 [4 8 6 2 5 7 0 3 1]
1445 883 [4 8 6 2 5 7 3 1 0]
1446 884 [0 4 6 2 8 7 3 5 1]
1447 885 [4 8 6 3 2 7 0 5 1]
1448 885 [0 8 6 4 2 7 3 5 1]
1449 886 [0 4 8 3 7 6 5 2 1]
1450 886 [4 8 0 3 7 6 5 2 1]
1451 887 [0 7 8 4 3 6 5 2 1]
1452 888 [4 7 8 3 6 1 5 2 0]
1453 888 [4 7 0 3 6 8 5 2 1]
1454 889 [4 7 0 3 2 8 5 1 6]
1455 889 [4 7 8 3 0 2 5 1 6]
1456 890 [7 2 8 3 4 6 0 5 1]
1457 890 [0 2 8 7 4 6 3 5 1]
1458 891 [7 8 6 4 2 1 3 5 0]
1459 891 [7 8 6 4 0 2 3 5 1]
1460 892 [3 2 8 6 4 1 0 7 5]
1461 892 [3 2 8 4 0 1 6 7 5]
1462 893 [2 8 1 3 4 5 6 7 0]
1463 893 [2 8 1 3 0 4 6 7 5]
1464 894 [2 4 8 6 3 1 7 5 0]
1465 895 [4 3 8 2 0 1 6 7 5]
1466 895 [4 8 0 2 3 1 6 7 5]
1467 896 [2 4 8 3 0 5 6 1 7]
1468 896 [2 4 8 3 1 5 0 6 7]
1469 897 [2 1 4 3 0 8 6 7 5]
1470 897 [0 2 4 3 1 8 6 7 5]
1471 898 [2 7 4 3 0 8 6 5 1]
1472 898 [0 2 4 3 7 8 6 5 1]
1473 899 [2 4 8 3 5 7 0 6 1]
1474 899 [2 4 8 3 5 7 6 1 0]
1475 900 [0 2 8 3 4 7 6 5 1]
1476 900 [2 8 0 3 4 7 6 5 1]
1477 901 [2 4 8 6 3 7 0 5 1]
1478 901 [0 4 8 2 3 7 6 5 1]
1479 902 [4 6 8 2 0 1 7 3 5]
1480 902 [4 8 0 2 6 1 7 3 5]
1481 903 [2 4 8 6 3 1 7 5 0]
1482 904 [0 2 8 6 4 1 7 3 5]
1483 904 [2 8 0 6 4 1 7 3 5]
1484 905 [2 4 8 6 1 5 7 3 0]
1485 905 [2 4 0 6 1 8 7 3 5]
1486 906 [2 6 4 7 0 8 3 5 1]
1487 906 [0 2 4 7 6 8 3 5 1]
1488 907 [0 2 8 7 4 6 3 5 1]
1489 907 [2 8 0 7 4 6 3 5 1]
1490 908 [2 8 1 7 0 5 3 4 6]
1491 908 [2 8 1 7 4 5 0 3 6]
1492 909 [2 8 1 7 6 4 0 3 5]
1493 909 [2 8 1 7 6 4 3 5 0]
1494 910 [0 2 1 7 8 4 3 6 5]
1495 910 [2 1 0 7 8 4 3 6 5]
1496 911 [2 8 1 3 7 4 0 6 5]
1497 911 [0 8 1 2 7 4 3 6 5]
1498 912 [2 1 4 7 6 8 0 3 5]
1499 912 [2 1 4 7 6 8 3 5 0]
1500 913 [2 1 4 3 7 8 0 6 5]
1501 913 [0 1 4 2 7 8 3 6 5]
1502 914 [2 1 4 7 8 5 3 6 0]
1503 914 [2 1 0 7 8 4 3 6 5]
1504 915 [7 2 4 3 1 8 0 6 5]
1505 915 [7 2 4 1 0 8 3 6 5]
1506 916 [2 4 1 3 8 5 0 7 6]
1507 916 [2 4 1 8 0 5 3 7 6]
1508 917 [4 1 5 2 8 6 3 7 0]
1509 917 [4 1 5 2 0 8 3 7 6]
1510 918 [4 8 1 3 0 5 7 2 6]
1511 918 [4 8 1 3 2 5 7 6 0]
1512 919 [8 2 1 4 0 5 3 7 6]
1513 919 [8 1 0 4 2 5 3 7 6]
1514 920 [4 8 1 2 5 6 0 3 7]
1515 921 [4 5 8 2 0 1 3 7 6]
1516 921 [0 4 8 2 5 1 3 7 6]
1517 922 [8 7 1 4 0 5 2 3 6]
1518 922 [8 1 0 4 7 5 2 3 6]
1519 923 [4 8 1 7 3 5 0 2 6]
1520 923 [4 8 1 7 3 5 2 6 0]
1521 924 [0 4 1 7 8 5 2 3 6]
1522 924 [4 1 0 7 8 5 2 3 6]
1523 925 [4 8 1 7 5 6 2 3 0]
1524 925 [4 8 0 7 5 1 2 3 6]
1525 926 [8 6 1 4 0 7 2 3 5]
1526 926 [8 1 0 4 6 7 2 3 5]
1527 927 [4 8 1 6 3 7 0 2 5]
1528 927 [4 8 1 6 3 7 2 5 0]
1529 928 [0 4 1 6 8 7 2 3 5]
1530 929 [4 6 8 2 0 1 3 5 7]
1531 929 [0 4 8 2 6 1 3 5 7]
1532 930 [4 8 1 2 5 6 0 3 7]
1533 931 [0 4 1 2 8 6 3 5 7]
1534 931 [4 1 0 2 8 6 3 5 7]
1535 932 [4 8 1 3 2 6 0 5 7]
1536 932 [0 8 1 4 2 6 3 5 7]
1537 933 [2 4 1 3 0 7 6 8 5]
1538 933 [2 4 1 3 8 7 6 5 0]
1539 934 [2 4 1 8 6 7 0 3 5]
1540 934 [2 4 1 8 6 7 3 5 0]
1541 935 [0 2 1 8 4 7 3 6 5]
1542 935 [2 1 0 8 4 7 3 6 5]
1543 936 [2 4 1 8 7 5 3 6 0]
1544 936 [2 4 0 8 7 1 3 6 5]
1545 937 [0 4 1 3 8 7 6 2 5]
1546 938 [4 8 1 6 3 7 0 2 5]
1547 938 [0 8 1 4 3 7 6 2 5]
1548 939 [4 8 0 3 2 1 6 5 7]
1549 939 [4 8 1 3 0 2 6 5 7]
1550 940 [8 2 1 4 6 7 0 3 5]
1551 940 [8 2 1 4 6 7 3 5 0]
1552 941 [8 2 1 3 4 7 0 6 5]
1553 941 [0 2 1 8 4 7 3 6 5]
1554 942 [8 2 1 4 7 5 3 6 0]
1555 942 [8 2 0 4 7 1 3 6 5]
1556 943 [8 1 7 4 2 5 3 6 0]
1557 943 [8 1 7 4 0 2 3 6 5]
1558 944 [3 4 8 6 0 1 2 7 5]
1559 944 [3 4 8 6 7 1 2 5 0]
1560 945 [3 4 8 7 2 1 0 6 5]
1561 945 [3 4 8 7 2 1 6 5 0]
1562 946 [0 3 8 7 4 1 6 2 5]
1563 946 [3 8 0 7 4 1 6 2 5]
1564 947 [3 4 8 7 1 5 6 2 0]
1565 947 [3 4 0 7 1 8 6 2 5]
1566 948 [4 8 1 3 0 5 6 7 2]
1567 948 [4 8 1 3 7 5 0 6 2]
1568 949 [0 4 1 3 8 7 6 2 5]
1569 950 [4 8 1 6 3 7 0 2 5]
1570 950 [0 8 1 4 3 7 6 2 5]
1571 951 [7 3 8 4 2 1 0 6 5]
1572 951 [7 3 8 4 2 1 6 5 0]
1573 952 [7 3 8 6 4 1 0 2 5]
1574 952 [0 3 8 7 4 1 6 2 5]
1575 953 [7 3 8 4 1 5 6 2 0]
1576 953 [7 3 0 4 1 8 6 2 5]
1577 954 [7 8 1 4 3 5 6 2 0]
1578 954 [7 8 1 4 0 3 6 2 5]
1579 955 [0 4 8 3 7 5 6 1 2]
1580 955 [4 8 0 3 7 5 6 1 2]
1581 956 [4 7 8 6 3 5 0 1 2]
1582 956 [0 7 8 4 3 5 6 1 2]
1583 957 [4 7 0 3 5 8 6 1 2]
1584 958 [0 7 8 4 1 5 3 6 2]
1585 958 [4 7 8 1 0 5 3 6 2]
1586 959 [3 4 7 6 1 8 0 2 5]
1587 959 [3 4 7 1 0 8 6 2 5]
1588 960 [4 2 7 3 5 8 0 6 1]
1589 960 [4 2 7 3 5 8 6 1 0]
1590 961 [4 2 7 6 3 8 0 5 1]
1591 961 [0 2 7 4 3 8 6 5 1]
1592 962 [4 2 7 3 8 1 6 5 0]
1593 962 [4 2 0 3 8 7 6 5 1]
1594 963 [3 4 7 6 2 8 0 5 1]
1595 963 [3 4 7 2 0 8 6 5 1]
1596 964 [0 7 8 4 5 2 3 6 1]
1597 964 [4 7 8 5 0 2 3 6 1]
1598 965 [4 7 0 3 5 8 6 1 2]
1599 966 [3 4 8 6 7 2 0 5 1]
1600 966 [3 4 8 7 0 2 6 5 1]
1601 967 [4 8 2 3 7 1 6 5 0]
1602 967 [4 8 2 3 0 7 6 5 1]
1603 968 [4 7 8 6 0 2 5 3 1]
1604 968 [4 7 8 6 3 2 5 1 0]
1605 969 [7 3 8 4 0 2 6 5 1]
1606 969 [7 8 0 4 3 2 6 5 1]
1607 970 [2 6 8 7 0 1 4 3 5]
1608 970 [2 8 0 7 6 1 4 3 5]
1609 971 [7 2 8 6 3 1 0 4 5]
1610 971 [7 2 8 6 3 1 4 5 0]
1611 972 [0 7 8 6 2 1 4 3 5]
1612 972 [7 8 0 6 2 1 4 3 5]
1613 973 [7 2 8 6 1 5 4 3 0]
1614 973 [7 2 0 6 1 8 4 3 5]
1615 974 [7 6 2 4 0 8 3 5 1]
1616 974 [0 7 2 4 6 8 3 5 1]
1617 975 [7 2 8 3 4 6 0 5 1]
1618 975 [0 2 8 7 4 6 3 5 1]
1619 976 [0 7 8 3 2 1 6 4 5]
1620 976 [7 8 0 3 2 1 6 4 5]
1621 977 [7 2 8 6 3 1 0 4 5]
1622 977 [0 2 8 7 3 1 6 4 5]
1623 978 [7 2 8 3 1 5 6 4 0]
1624 978 [7 2 0 3 1 8 6 4 5]
1625 979 [7 2 0 3 4 8 6 5 1]
1626 979 [7 2 8 3 0 4 6 5 1]
1627 980 [7 1 2 4 6 8 0 3 5]
1628 980 [7 1 2 4 6 8 3 5 0]
1629 981 [7 1 2 3 4 8 0 6 5]
1630 981 [0 1 2 7 4 8 3 6 5]
1631 982 [7 1 2 4 8 5 3 6 0]
1632 983 [4 7 2 3 1 8 0 6 5]
1633 983 [4 7 2 1 0 8 3 6 5]
1634 984 [0 7 1 4 8 5 3 2 6]
1635 984 [7 1 0 4 8 5 3 2 6]
1636 985 [7 8 1 3 4 5 0 2 6]
1637 985 [0 8 1 7 4 5 3 2 6]
1638 986 [7 8 1 4 5 6 3 2 0]
1639 986 [7 8 0 4 5 1 3 2 6]
1640 987 [0 8 1 7 2 5 4 3 6]
1641 987 [7 8 1 2 0 5 4 3 6]
1642 988 [0 8 1 7 6 2 4 3 5]
1643 988 [7 8 1 6 0 2 4 3 5]
1644 989 [7 8 0 4 6 1 3 5 2]
1645 989 [7 8 1 4 0 6 3 5 2]
1646 990 [4 7 1 3 8 2 0 6 5]
1647 990 [4 7 1 8 0 2 3 6 5]
1648 991 [7 1 2 4 8 5 3 6 0]
1649 992 [7 8 1 3 0 2 6 4 5]
1650 992 [7 8 1 3 4 2 6 5 0]
1651 993 [8 4 1 7 0 2 3 6 5]
1652 993 [8 1 0 7 4 2 3 6 5]
1653 994 [3 2 8 1 4 5 0 7 6]
1654 994 [3 2 8 4 0 5 1 7 6]
1655 995 [2 8 5 3 4 6 1 7 0]
1656 995 [2 8 5 3 0 4 1 7 6]
1657 996 [2 4 8 1 3 5 7 6 0]
1658 997 [4 3 8 2 0 5 1 7 6]
1659 997 [4 8 0 2 3 5 1 7 6]
1660 998 [2 4 8 3 0 6 1 5 7]
1661 998 [2 4 8 3 5 6 0 1 7]
1662 999 [2 5 4 3 0 8 1 7 6]
1663 999 [0 2 4 3 5 8 1 7 6]
1664 1000 [2 7 4 3 0 8 1 6 5]
1665 1000 [0 2 4 3 7 8 1 6 5]
1666 1001 [2 4 8 3 6 7 0 1 5]
1667 1001 [2 4 8 3 6 7 1 5 0]
1668 1002 [0 2 8 3 4 7 1 6 5]
1669 1002 [2 8 0 3 4 7 1 6 5]
1670 1003 [2 4 8 1 3 7 0 6 5]
1671 1003 [0 4 8 2 3 7 1 6 5]
1672 1004 [4 1 8 2 0 5 7 3 6]
1673 1004 [4 8 0 2 1 5 7 3 6]
1674 1005 [2 4 8 1 3 5 7 6 0]
1675 1006 [0 2 8 1 4 5 7 3 6]
1676 1006 [2 8 0 1 4 5 7 3 6]
1677 1007 [2 4 8 1 5 6 7 3 0]
1678 1007 [2 4 0 1 5 8 7 3 6]
1679 1008 [2 8 5 7 0 6 3 4 1]
1680 1008 [2 8 5 7 4 6 0 3 1]
1681 1009 [2 8 5 7 1 4 0 3 6]
1682 1009 [2 8 5 7 1 4 3 6 0]
1683 1010 [0 2 5 7 8 4 3 1 6]
1684 1010 [2 5 0 7 8 4 3 1 6]
1685 1011 [2 8 5 3 7 4 0 1 6]
1686 1011 [0 8 5 2 7 4 3 1 6]
1687 1012 [0 2 8 7 4 6 3 5 1]
1688 1012 [2 8 0 7 4 6 3 5 1]
1689 1013 [0 4 8 2 5 6 7 3 1]
1690 1013 [2 4 8 5 0 6 7 3 1]
1691 1014 [2 5 4 7 1 8 0 3 6]
1692 1014 [2 5 4 7 1 8 3 6 0]
1693 1015 [2 5 4 3 7 8 0 1 6]
1694 1015 [0 5 4 2 7 8 3 1 6]
1695 1016 [2 5 4 7 8 6 3 1 0]
1696 1016 [2 5 0 7 8 4 3 1 6]
1697 1017 [7 2 4 3 5 8 0 1 6]
1698 1017 [7 2 4 5 0 8 3 1 6]
1699 1018 [2 4 5 3 8 6 0 7 1]
1700 1018 [2 4 5 8 0 6 3 7 1]
1701 1019 [4 5 6 2 8 1 3 7 0]
1702 1019 [4 5 6 2 0 8 3 7 1]
1703 1020 [4 8 5 3 0 6 7 2 1]
1704 1020 [4 8 5 3 2 6 7 1 0]
1705 1021 [8 2 5 4 0 6 3 7 1]
1706 1021 [8 5 0 4 2 6 3 7 1]
1707 1022 [4 8 5 2 6 1 0 3 7]
1708 1023 [4 6 8 2 0 5 3 7 1]
1709 1023 [0 4 8 2 6 5 3 7 1]
1710 1024 [8 7 5 4 0 6 2 3 1]
1711 1024 [8 5 0 4 7 6 2 3 1]
1712 1025 [4 8 5 7 3 6 0 2 1]
1713 1025 [4 8 5 7 3 6 2 1 0]
1714 1026 [0 4 5 7 8 6 2 3 1]
1715 1026 [4 5 0 7 8 6 2 3 1]
1716 1027 [4 8 5 7 6 1 2 3 0]
1717 1027 [4 8 0 7 6 5 2 3 1]
1718 1028 [8 1 5 4 0 7 2 3 6]
1719 1028 [8 5 0 4 1 7 2 3 6]
1720 1029 [4 1 8 2 0 5 3 6 7]
1721 1029 [0 4 8 2 1 5 3 6 7]
1722 1030 [4 8 5 2 6 1 0 3 7]
1723 1031 [0 4 5 2 8 1 3 6 7]
1724 1031 [4 5 0 2 8 1 3 6 7]
1725 1032 [4 8 5 3 2 1 0 6 7]
1726 1032 [0 8 5 4 2 1 3 6 7]
1727 1033 [2 4 5 3 0 7 1 8 6]
1728 1033 [2 4 5 3 8 7 1 6 0]
1729 1034 [2 4 5 8 1 7 0 3 6]
1730 1034 [2 4 5 8 1 7 3 6 0]
1731 1035 [0 2 5 8 4 7 3 1 6]
1732 1035 [2 5 0 8 4 7 3 1 6]
1733 1036 [2 4 5 8 7 6 3 1 0]
1734 1036 [2 4 0 8 7 5 3 1 6]
1735 1037 [0 4 5 3 8 7 1 2 6]
1736 1037 [4 5 0 3 8 7 1 2 6]
1737 1038 [0 8 5 4 3 7 1 2 6]
1738 1039 [4 8 0 3 2 5 1 6 7]
1739 1039 [4 8 5 3 0 2 1 6 7]
1740 1040 [8 2 5 4 1 7 0 3 6]
1741 1040 [8 2 5 4 1 7 3 6 0]
1742 1041 [8 2 5 3 4 7 0 1 6]
1743 1041 [0 2 5 8 4 7 3 1 6]
1744 1042 [8 2 5 4 7 6 3 1 0]
1745 1042 [8 2 0 4 7 5 3 1 6]
1746 1043 [8 5 7 4 2 6 3 1 0]
1747 1043 [8 5 7 4 0 2 3 1 6]
1748 1044 [3 4 8 1 0 5 2 7 6]
1749 1044 [3 4 8 1 7 5 2 6 0]
1750 1045 [3 4 8 7 2 5 0 1 6]
1751 1045 [3 4 8 7 2 5 1 6 0]
1752 1046 [0 3 8 7 4 5 1 2 6]
1753 1046 [3 8 0 7 4 5 1 2 6]
1754 1047 [3 4 8 7 5 6 1 2 0]
1755 1047 [3 4 0 7 5 8 1 2 6]
1756 1048 [4 8 5 3 0 6 1 7 2]
1757 1048 [4 8 5 3 7 6 0 1 2]
1758 1049 [0 4 5 3 8 7 1 2 6]
1759 1049 [4 5 0 3 8 7 1 2 6]
1760 1050 [0 8 5 4 3 7 1 2 6]
1761 1051 [7 3 8 4 2 5 0 1 6]
1762 1051 [7 3 8 4 2 5 1 6 0]
1763 1052 [7 3 8 1 4 5 0 2 6]
1764 1052 [0 3 8 7 4 5 1 2 6]
1765 1053 [7 3 8 4 5 6 1 2 0]
1766 1053 [7 3 0 4 5 8 1 2 6]
1767 1054 [7 8 5 4 3 6 1 2 0]
1768 1054 [7 8 5 4 0 3 1 2 6]
1769 1055 [0 4 8 3 7 6 1 5 2]
1770 1055 [4 8 0 3 7 6 1 5 2]
1771 1056 [4 7 8 1 3 6 0 5 2]
1772 1056 [0 7 8 4 3 6 1 5 2]
1773 1057 [4 7 0 3 6 8 1 5 2]
1774 1058 [0 7 8 4 5 6 3 1 2]
1775 1058 [4 7 8 5 0 6 3 1 2]
1776 1059 [0 5 7 4 3 8 1 2 6]
1777 1060 [4 5 7 3 8 6 1 2 0]
1778 1060 [4 5 0 3 8 7 1 2 6]
1779 1061 [3 4 7 1 5 8 0 2 6]
1780 1061 [3 4 7 5 0 8 1 2 6]
1781 1062 [4 2 7 3 6 8 0 1 5]
1782 1062 [4 2 7 3 6 8 1 5 0]
1783 1063 [4 2 7 1 3 8 0 6 5]
1784 1063 [0 2 7 4 3 8 1 6 5]
1785 1064 [4 2 7 3 8 5 1 6 0]
1786 1064 [4 2 0 3 8 7 1 6 5]
1787 1065 [3 4 7 1 2 8 0 6 5]
1788 1065 [3 4 7 2 0 8 1 6 5]
1789 1066 [0 7 8 4 6 2 3 1 5]
1790 1066 [4 7 8 6 0 2 3 1 5]
1791 1067 [4 7 0 3 6 8 1 5 2]
1792 1068 [3 4 8 1 7 2 0 6 5]
1793 1068 [3 4 8 7 0 2 1 6 5]
1794 1069 [4 8 2 3 7 5 1 6 0]
1795 1069 [4 8 2 3 0 7 1 6 5]
1796 1070 [4 7 8 1 0 2 6 3 5]
1797 1070 [4 7 8 1 3 2 6 5 0]
1798 1071 [7 3 8 4 0 2 1 6 5]
1799 1071 [7 8 0 4 3 2 1 6 5]
1800 1072 [2 1 8 7 0 5 4 3 6]
1801 1072 [2 8 0 7 1 5 4 3 6]
1802 1073 [7 2 8 1 3 5 0 4 6]
1803 1073 [7 2 8 1 3 5 4 6 0]
1804 1074 [0 7 8 1 2 5 4 3 6]
1805 1074 [7 8 0 1 2 5 4 3 6]
1806 1075 [7 2 8 1 5 6 4 3 0]
1807 1075 [7 2 0 1 5 8 4 3 6]
1808 1076 [0 7 8 3 2 5 1 4 6]
1809 1076 [7 8 0 3 2 5 1 4 6]
1810 1077 [7 2 8 1 3 5 0 4 6]
1811 1077 [0 2 8 7 3 5 1 4 6]
1812 1078 [7 2 8 3 5 6 1 4 0]
1813 1078 [7 2 0 3 5 8 1 4 6]
1814 1079 [7 2 0 3 4 8 1 6 5]
1815 1079 [7 2 8 3 0 4 1 6 5]
1816 1080 [7 2 8 3 4 6 0 5 1]
1817 1080 [0 2 8 7 4 6 3 5 1]
1818 1081 [0 2 8 7 5 6 4 3 1]
1819 1081 [7 2 8 5 0 6 4 3 1]
1820 1082 [7 5 2 4 1 8 0 3 6]
1821 1082 [7 5 2 4 1 8 3 6 0]
1822 1083 [7 5 2 3 4 8 0 1 6]
1823 1083 [0 5 2 7 4 8 3 1 6]
1824 1084 [7 5 2 4 8 6 3 1 0]
1825 1085 [4 7 2 3 5 8 0 1 6]
1826 1085 [4 7 2 5 0 8 3 1 6]
1827 1086 [0 7 5 4 8 6 3 2 1]
1828 1086 [7 5 0 4 8 6 3 2 1]
1829 1087 [7 8 5 3 4 6 0 2 1]
1830 1087 [0 8 5 7 4 6 3 2 1]
1831 1088 [7 8 5 4 6 1 3 2 0]
1832 1088 [7 8 0 4 6 5 3 2 1]
1833 1089 [0 8 5 7 2 6 4 3 1]
1834 1089 [7 8 5 2 0 6 4 3 1]
1835 1090 [0 8 5 7 1 2 4 3 6]
1836 1090 [7 8 5 1 0 2 4 3 6]
1837 1091 [7 8 0 4 1 5 3 6 2]
1838 1091 [7 8 5 4 0 1 3 6 2]
1839 1092 [4 7 5 3 8 2 0 1 6]
1840 1092 [4 7 5 8 0 2 3 1 6]
1841 1093 [7 5 2 4 8 6 3 1 0]
1842 1094 [7 8 5 3 0 2 1 4 6]
1843 1094 [7 8 5 3 4 2 1 6 0]
1844 1095 [8 4 5 7 0 2 3 1 6]
1845 1095 [8 5 0 7 4 2 3 1 6]
1846 1096 [2 4 8 3 0 6 5 7 1]
1847 1096 [2 4 8 3 7 6 5 1 0]
1848 1097 [0 2 8 7 4 6 3 5 1]
1849 1097 [2 8 0 7 4 6 3 5 1]
1850 1098 [4 8 6 2 0 1 3 7 5]
1851 1098 [4 8 6 2 7 1 0 3 5]
1852 1099 [4 8 6 2 5 7 0 3 1]
1853 1099 [4 8 6 2 5 7 3 1 0]
1854 1100 [0 4 6 2 8 7 3 5 1]
1855 1101 [4 8 6 3 2 7 0 5 1]
1856 1101 [0 8 6 4 2 7 3 5 1]
1857 1102 [0 4 8 3 7 6 5 2 1]
1858 1102 [4 8 0 3 7 6 5 2 1]
1859 1103 [0 7 8 4 3 6 5 2 1]
1860 1104 [4 7 8 3 6 1 5 2 0]
1861 1104 [4 7 0 3 6 8 5 2 1]
1862 1105 [4 7 0 3 2 8 5 1 6]
1863 1105 [4 7 8 3 0 2 5 1 6]
1864 1106 [7 2 8 3 4 6 0 5 1]
1865 1106 [0 2 8 7 4 6 3 5 1]
1866 1107 [7 8 6 4 2 1 3 5 0]
1867 1107 [7 8 6 4 0 2 3 5 1]
1868 1108 [7 5 8 4 3 6 0 2 1]
1869 1108 [7 5 8 4 3 6 2 1 0]
1870 1109 [7 5 8 2 4 6 0 3 1]
1871 1109 [0 5 8 7 4 6 2 3 1]
1872 1110 [7 5 8 4 6 1 2 3 0]
1873 1110 [7 5 0 4 6 8 2 3 1]
1874 1111 [7 8 6 4 5 1 2 3 0]
1875 1111 [7 8 6 4 0 5 2 3 1]
1876 1112 [0 7 8 4 3 6 5 2 1]
1877 1113 [4 7 0 5 3 8 2 1 6]
1878 1113 [4 7 8 5 0 3 2 1 6]
1879 1114 [5 4 8 2 7 6 0 3 1]
1880 1114 [5 4 8 7 0 6 2 3 1]
1881 1115 [4 8 6 5 7 1 2 3 0]
1882 1115 [4 8 6 5 0 7 2 3 1]
1883 1116 [4 7 8 5 0 1 2 6 3]
1884 1116 [4 7 8 5 6 1 0 2 3]
1885 1117 [4 6 7 5 0 8 2 3 1]
1886 1117 [0 4 7 5 6 8 2 3 1]
1887 1118 [5 1 7 4 0 8 2 3 6]
1888 1118 [5 7 0 4 1 8 2 3 6]
1889 1119 [4 1 5 2 0 7 3 6 8]
1890 1119 [0 4 5 2 1 7 3 6 8]
1891 1120 [4 5 7 2 6 1 0 3 8]
1892 1120 [4 5 7 2 6 1 3 8 0]
1893 1121 [0 4 7 2 5 1 3 6 8]
1894 1121 [4 7 0 2 5 1 3 6 8]
1895 1122 [4 5 7 3 2 1 0 6 8]
1896 1122 [0 5 7 4 2 1 3 6 8]
1897 1123 [0 5 7 4 3 8 1 2 6]
1898 1124 [4 5 7 3 8 6 1 2 0]
1899 1124 [4 5 0 3 8 7 1 2 6]
1900 1125 [4 5 0 3 2 7 1 6 8]
1901 1125 [4 5 7 3 0 2 1 6 8]
1902 1126 [5 2 7 4 1 8 0 3 6]
1903 1126 [5 2 7 4 1 8 3 6 0]
1904 1127 [5 2 7 3 4 8 0 1 6]
1905 1128 [5 2 7 4 8 6 3 1 0]
1906 1128 [5 2 0 4 8 7 3 1 6]
1907 1129 [5 7 8 4 2 6 3 1 0]
1908 1129 [5 7 8 4 0 2 3 1 6]
1909 1130 [0 4 7 2 5 6 3 8 1]
1910 1130 [4 7 0 2 5 6 3 8 1]
1911 1131 [4 5 7 3 2 6 0 8 1]
1912 1131 [0 5 7 4 2 6 3 8 1]
1913 1132 [4 5 7 2 6 1 3 8 0]
1914 1132 [4 5 0 2 6 7 3 8 1]
1915 1133 [0 5 7 4 8 6 2 3 1]
1916 1133 [4 5 7 8 0 6 2 3 1]
1917 1134 [0 2 7 3 4 8 1 5 6]
1918 1134 [2 7 0 3 4 8 1 5 6]
1919 1135 [2 4 7 1 3 8 0 5 6]
1920 1135 [0 4 7 2 3 8 1 5 6]
1921 1136 [2 4 7 3 8 6 1 5 0]
1922 1136 [2 4 0 3 8 7 1 5 6]
1923 1137 [2 4 0 3 5 7 1 6 8]
1924 1137 [2 4 7 3 0 5 1 6 8]
1925 1138 [0 4 7 2 1 8 5 3 6]
1926 1138 [2 4 7 1 0 8 5 3 6]
1927 1139 [2 4 0 5 1 7 3 6 8]
1928 1139 [2 4 7 5 0 1 3 6 8]
1929 1140 [5 2 7 3 4 8 0 1 6]
1930 1141 [2 7 8 5 4 6 3 1 0]
1931 1141 [2 7 8 5 0 4 3 1 6]
1932 1142 [2 4 7 5 0 6 3 8 1]
1933 1142 [2 4 7 5 8 6 0 3 1]
1934 1143 [2 8 4 5 0 7 3 1 6]
1935 1143 [0 2 4 5 8 7 3 1 6]
1936 1144 [1 3 8 7 0 5 4 2 6]
1937 1144 [1 8 0 7 3 5 4 2 6]
1938 1145 [7 1 8 3 2 5 0 4 6]
1939 1145 [7 1 8 3 2 5 4 6 0]
1940 1146 [0 7 8 3 1 5 4 2 6]
1941 1146 [7 8 0 3 1 5 4 2 6]
1942 1147 [7 1 8 3 5 6 4 2 0]
1943 1147 [7 1 0 3 5 8 4 2 6]
1944 1148 [7 3 1 4 0 8 2 6 5]
1945 1148 [0 7 1 4 3 8 2 6 5]
1946 1149 [7 1 8 4 6 3 0 2 5]
1947 1149 [7 1 8 4 6 3 2 5 0]
1948 1150 [7 8 0 4 1 3 2 6 5]
1949 1151 [7 1 8 2 4 3 0 6 5]
1950 1151 [0 1 8 7 4 3 2 6 5]
1951 1152 [0 7 8 2 1 5 3 4 6]
1952 1152 [7 8 0 2 1 5 3 4 6]
1953 1153 [7 1 8 3 2 5 0 4 6]
1954 1153 [0 1 8 7 2 5 3 4 6]
1955 1154 [7 1 8 2 5 6 3 4 0]
1956 1154 [7 1 0 2 5 8 3 4 6]
1957 1155 [7 1 0 2 4 8 3 6 5]
1958 1155 [7 1 8 2 0 4 3 6 5]
1959 1156 [1 8 5 7 4 6 2 3 0]
1960 1156 [1 8 5 7 0 4 2 3 6]
1961 1157 [7 8 0 4 1 6 2 5 3]
1962 1158 [7 1 8 2 4 6 0 5 3]
1963 1158 [0 1 8 7 4 6 2 5 3]
1964 1159 [7 1 8 4 6 3 2 5 0]
1965 1159 [7 1 0 4 6 8 2 5 3]
1966 1160 [0 1 8 7 5 6 4 2 3]
1967 1160 [7 1 8 5 0 6 4 2 3]
1968 1161 [7 5 1 4 3 8 0 2 6]
1969 1161 [7 5 1 4 3 8 2 6 0]
1970 1162 [7 5 1 2 4 8 0 3 6]
1971 1162 [0 5 1 7 4 8 2 3 6]
1972 1163 [7 5 1 4 8 6 2 3 0]
1973 1164 [4 7 1 2 5 8 0 3 6]
1974 1164 [4 7 1 5 0 8 2 3 6]
1975 1165 [0 7 5 4 8 6 2 1 3]
1976 1165 [7 5 0 4 8 6 2 1 3]
1977 1166 [7 8 5 2 4 6 0 1 3]
1978 1166 [0 8 5 7 4 6 2 1 3]
1979 1167 [7 8 5 4 6 3 2 1 0]
1980 1167 [7 8 0 4 6 5 2 1 3]
1981 1168 [0 8 5 7 1 6 4 2 3]
1982 1168 [7 8 5 1 0 6 4 2 3]
1983 1169 [0 8 5 7 3 1 4 2 6]
1984 1169 [7 8 5 3 0 1 4 2 6]
1985 1170 [7 8 0 4 3 5 2 6 1]
1986 1170 [7 8 5 4 0 3 2 6 1]
1987 1171 [4 7 5 2 8 1 0 3 6]
1988 1171 [4 7 5 8 0 1 2 3 6]
1989 1172 [7 5 1 4 8 6 2 3 0]
1990 1173 [7 8 5 2 0 1 3 4 6]
1991 1173 [7 8 5 2 4 1 3 6 0]
1992 1174 [8 4 5 7 0 1 2 3 6]
1993 1174 [8 5 0 7 4 1 2 3 6]
1994 1175 [7 3 8 4 2 5 0 1 6]
1995 1175 [7 3 8 4 2 5 1 6 0]
1996 1176 [7 3 8 1 4 5 0 2 6]
1997 1176 [0 3 8 7 4 5 1 2 6]
1998 1177 [7 3 8 4 5 6 1 2 0]
1999 1177 [7 3 0 4 5 8 1 2 6]
2000 1178 [7 8 5 4 3 6 1 2 0]
2001 1178 [7 8 5 4 0 3 1 2 6]
2002 1179 [4 3 7 1 6 8 0 2 5]
2003 1179 [4 3 7 1 6 8 2 5 0]
2004 1180 [4 3 7 2 1 8 0 6 5]
2005 1180 [0 3 7 4 1 8 2 6 5]
2006 1181 [4 3 7 1 8 5 2 6 0]
2007 1181 [4 3 0 1 8 7 2 6 5]
2008 1182 [1 4 7 2 3 8 0 6 5]
2009 1182 [1 4 7 3 0 8 2 6 5]
2010 1183 [0 7 8 4 6 3 1 2 5]
2011 1183 [4 7 8 6 0 3 1 2 5]
2012 1184 [1 4 8 2 7 3 0 6 5]
2013 1184 [1 4 8 7 0 3 2 6 5]
2014 1185 [4 8 3 1 7 5 2 6 0]
2015 1185 [4 8 3 1 0 7 2 6 5]
2016 1186 [4 7 8 2 0 3 6 1 5]
2017 1186 [4 7 8 2 1 3 6 5 0]
2018 1187 [7 8 0 4 1 3 2 6 5]
2019 1188 [0 1 8 2 4 5 3 7 6]
2020 1188 [1 8 0 2 4 5 3 7 6]
2021 1189 [1 4 8 3 2 5 0 7 6]
2022 1189 [0 4 8 1 2 5 3 7 6]
2023 1190 [1 4 8 2 5 6 3 7 0]
2024 1190 [1 4 0 2 5 8 3 7 6]
2025 1191 [1 4 0 2 7 8 3 6 5]
2026 1191 [1 4 8 2 0 7 3 6 5]
2027 1192 [0 4 8 1 3 5 7 2 6]
2028 1192 [1 4 8 3 0 5 7 2 6]
2029 1193 [1 4 0 7 3 8 2 6 5]
2030 1193 [1 4 8 7 0 3 2 6 5]
2031 1194 [1 8 5 7 4 6 2 3 0]
2032 1194 [1 8 5 7 0 4 2 3 6]
2033 1195 [1 4 8 7 0 6 2 5 3]
2034 1195 [1 4 8 7 5 6 0 2 3]
2035 1196 [1 5 4 7 0 8 2 3 6]
2036 1196 [0 1 4 7 5 8 2 3 6]
2037 1197 [0 4 5 1 8 6 2 7 3]
2038 1197 [4 5 0 1 8 6 2 7 3]
2039 1198 [4 8 5 2 1 6 0 7 3]
2040 1198 [0 8 5 4 1 6 2 7 3]
2041 1199 [4 8 5 1 6 3 2 7 0]
2042 1199 [4 8 0 1 6 5 2 7 3]
2043 1200 [0 8 5 4 7 6 1 2 3]
2044 1200 [4 8 5 7 0 6 1 2 3]
2045 1201 [0 8 5 4 3 7 1 2 6]
2046 1202 [4 8 0 1 3 5 2 6 7]
2047 1202 [4 8 5 1 0 3 2 6 7]
2048 1203 [1 4 5 2 8 7 0 3 6]
2049 1203 [1 4 5 8 0 7 2 3 6]
2050 1204 [8 1 5 4 0 7 2 3 6]
2051 1204 [8 5 0 4 1 7 2 3 6]
2052 1205 [1 4 8 2 7 6 0 5 3]
2053 1205 [1 4 8 7 0 6 2 5 3]
2054 1206 [4 8 6 1 7 3 2 5 0]
2055 1206 [4 8 6 1 0 7 2 5 3]
2056 1207 [4 7 8 2 0 6 5 1 3]
2057 1207 [4 7 8 2 1 6 5 3 0]
2058 1208 [7 8 0 4 1 6 2 5 3]
2059 1209 [4 6 7 1 0 8 2 5 3]
2060 1209 [0 4 7 1 6 8 2 5 3]
2061 1210 [7 5 8 4 0 6 1 2 3]
2062 1210 [7 8 0 4 5 6 1 2 3]
2063 1211 [4 7 8 5 2 6 0 1 3]
2064 1211 [4 7 8 5 2 6 1 3 0]
2065 1212 [0 4 8 5 7 6 1 2 3]
2066 1212 [4 8 0 5 7 6 1 2 3]
2067 1213 [4 7 8 5 6 3 1 2 0]
2068 1213 [4 7 0 5 6 8 1 2 3]
2069 1214 [0 5 7 4 3 8 1 2 6]
2070 1215 [4 5 0 1 3 7 2 6 8]
2071 1215 [4 5 7 1 0 3 2 6 8]
2072 1216 [5 1 7 4 0 8 2 3 6]
2073 1216 [5 7 0 4 1 8 2 3 6]
2074 1217 [4 5 7 1 0 6 2 8 3]
2075 1217 [4 5 7 1 8 6 0 2 3]
2076 1218 [1 4 7 2 0 8 3 5 6]
2077 1218 [1 4 7 2 5 8 3 6 0]
